Id;Fecha;Tmax;HTmax;Tmin;HTmin;Tmed;Racha;HRacha;Vmax;HVmax;TPrec;Prec1;Prec2;Prec3;Prec4
2755X;2013-05-07;20.2;16:30;11.8;05:30;16;42;15:00;21;15:00;0;0;0;0;0
2755X;2013-05-08;19.0;17:20;10.8;08:40;14.9;28;17:40;14;17:50;1.6;0.2;1.2;0.2;0
2755X;2013-06-14;29.3;18:50;11.2;06:10;20.2;34;16:50;16;19:00;0;0;0;0;0
2755X;2013-06-15;30.1;18:00;10.5;07:10;20.3;26;18:40;14;18:40;0;0;0;0;0
2755X;2013-06-18;19.8;14:50;9.1;05:20;14.4;37;16:40;18;16:40;3.4;0.2;0;0.2;3
2755X;2013-06-19;18.3;14:50;10.5;06:20;14.4;34;15:40;17;15:30;0;0;0;0;0
2755X;2013-06-20;24.6;18:50;8.1;07:10;16.4;;;;;;0;0;0;
2755X;2013-06-21;;;;;;;;;;;;;0;0
2755X;2013-06-22;30.7;18:20;10.2;07:00;20.5;34;18:30;16;20:10;0;0;0;0;0
2755X;2013-06-23;26.0;17:40;10.9;06:40;18.4;39;23:59;21;23:59;0;0;0;0;0
2755X;2013-06-24;26.2;18:00;6.9;07:10;16.6;37;00:10;20;00:10;0;0;0;0;0
2755X;2013-06-25;27.3;17:30;9.4;07:10;18.3;36;22:30;17;11:10;0;0;0;0;0
2755X;2013-06-26;;;;;;;;;;;0;;;
2755X;2013-06-27;;;;;;;;;;;;;;0
2755X;2013-06-28;27.5;17:00;7.5;07:00;17.5;38;18:10;21;13:50;0;0;0;0;0
2755X;2013-06-29;29.9;17:40;12.2;05:50;21;40;13:10;18;11:30;0;0;0;0;0
2755X;2013-06-30;31.9;17:50;12.0;07:00;21.9;28;10:30;15;10:40;0;0;0;0;0
2755X;2013-07-01;32.6;17:00;14.4;07:10;23.5;33;18:30;15;18:30;0;0;0;0;0
2755X;2013-07-02;31.8;18:40;14.3;06:40;23;42;21:00;19;21:00;0;0;0;0;0
2755X;2013-07-03;31.9;17:20;16.3;06:40;24.1;31;01:10;15;02:10;0;0;0;0;0
2755X;2013-07-04;32.8;17:20;15.5;07:10;24.1;44;15:20;18;16:40;0;0;0;0;0
2755X;2013-07-05;34.6;18:00;14.3;06:30;24.4;32;19:00;15;12:00;0;0;0;0;0
2755X;2013-07-06;36.2;17:20;15.7;07:20;26;32;14:40;15;23:50;0;0;0;0;0
2755X;2013-07-07;35.7;18:40;15.4;07:20;25.6;29;01:40;14;01:30;0;0;0;0;0
2755X;2013-07-08;34.9;18:00;15.0;06:40;25;21;01:00;11;18:00;0;0;0;0;0
2755X;2013-07-09;35.3;16:40;16.2;07:10;25.8;28;16:20;14;22:40;0;0;0;0;0
2755X;2013-07-10;32.8;16:10;18.2;07:10;25.5;38;23:10;18;23:20;0;0;0;0;0
2755X;2013-07-11;33.2;16:30;18.0;06:20;25.6;42;15:00;19;23:20;0;0;0;0;0
2755X;2013-07-12;33.8;19:40;15.9;02:00;24.8;61;01:40;33;01:50;29.4;28.8;0;0;0.6
2755X;2013-07-13;32.5;17:30;16.3;06:40;24.4;64;18:00;33;19:50;0;0;0;0;0
2755X;2013-07-14;30.6;17:40;14.5;20:10;22.6;53;19:00;22;20:40;42.2;0;0;0;42.2
2755X;2013-07-15;31.1;18:20;14.9;07:10;23;41;23:59;21;23:50;5.2;0;0;0;5.2
2755X;2013-07-16;29.5;17:00;15.9;07:10;22.7;39;17:50;20;18:20;0;0;0;0;0
2755X;2013-07-17;29.9;17:20;15.4;07:30;22.6;32;22:50;16;23:20;0;0;0;0;0
2755X;2013-07-18;31.0;18:50;14.0;07:10;22.5;28;00:50;14;01:50;0;0;0;0;0
2755X;2013-07-19;30.6;16:40;16.2;07:20;23.4;26;01:20;12;00:50;0;0;0;0;0
2755X;2013-07-20;33.0;18:20;15.7;07:40;24.3;32;17:00;15;17:00;0;0;0;0;0
2755X;2013-07-21;32.6;18:40;16.1;07:10;24.3;33;00:20;13;18:40;0;0;0;0;0
2755X;2013-07-22;32.9;18:10;15.8;07:20;24.4;36;16:10;17;16:10;0;0;0;0;0
2755X;2013-07-23;30.4;16:40;16.0;06:50;23.2;34;20:30;14;19:30;0;0;0;0;0
2755X;2013-07-24;32.2;17:10;15.5;07:30;23.9;32;17:20;15;17:40;0;0;0;0;0
2755X;2013-07-25;30.1;19:00;16.5;07:00;23.3;42;17:10;21;17:10;0;0;0;0;0
2755X;2013-07-26;29.1;18:00;15.5;06:30;22.3;34;17:00;17;16:30;0;0;0;0;0
2755X;2013-07-27;23.6;17:50;15.8;08:20;19.7;48;18:50;22;14:20;0;0;0;0;0
2755X;2013-07-28;22.1;15:20;12.4;07:00;17.3;55;17:10;19;17:10;9.6;0;0;8.4;1.2
2755X;2013-07-29;26.2;18:30;10.9;07:40;18.6;27;13:40;13;15:50;0;0;0;0;0
2755X;2013-07-30;31.3;18:40;12.2;06:50;21.7;18;15:30;9;15:30;0;0;0;0;0
2755X;2013-07-31;36.2;17:50;14.2;07:30;25.2;27;19:20;13;15:50;0;0;0;0;0
2755X;2013-08-01;34.3;17:50;15.2;07:20;24.7;39;17:20;20;17:20;0;0;0;0;0
2755X;2013-08-02;26.8;18:10;16.2;07:40;21.5;46;18:00;19;12:10;0;0;0;0;0
2755X;2013-08-03;27.9;18:40;10.9;07:40;19.4;24;23:00;11;00:10;0;0;0;0;0
2755X;2013-08-04;30.9;19:00;11.9;07:40;21.4;23;15:30;12;00:20;0;0;0;0;0
2755X;2013-08-05;29.9;17:40;13.4;07:40;21.6;33;23:50;14;23:50;0;0;0;0;0
2755X;2013-08-06;25.9;18:00;14.7;05:50;20.3;27;01:20;15;00:20;0;0;0;0;0
2755X;2013-08-07;23.5;14:10;12.6;06:10;18.1;37;16:50;15;16:50;5.4;0;0;2.6;2.8
2755X;2013-08-08;27.1;19:00;9.8;07:30;18.5;26;00:10;15;00:10;0;0;0;0;0
2755X;2013-08-09;;;;;;;;;;;0;;;
2755X;2013-08-10;;;;;;;;;;;;;;
2755X;2013-08-11;;;;;;;;;;;;;;
2755X;2013-08-12;;;;;;;;;;;;;;
2755X;2013-08-13;;;;;;;;;;;;;;
2755X;2013-08-14;;;;;;;;;;;;;0;0
2755X;2013-08-15;;;;;;;;;;;;;;
2755X;2013-08-16;;;;;;;;;;;;;0;0
2755X;2013-08-17;29.3;17:40;12.5;07:30;20.9;21;11:20;9;12:20;0;0;0;0;0
2755X;2013-08-18;34.0;18:00;15.0;06:30;24.5;33;22:50;18;22:50;0;0;0;0;0
2755X;2013-08-19;30.9;18:30;15.7;07:50;23.3;42;21:40;20;21:20;0;0;0;0;0
2755X;2013-08-20;32.7;19:10;12.7;07:20;22.7;35;00:10;19;00:10;0;0;0;0;0
2755X;2013-08-21;35.5;19:20;13.6;06:50;24.6;23;16:10;12;23:40;0;0;0;0;0
2755X;2013-08-22;34.6;18:10;14.0;08:20;24.3;37;23:50;19;23:30;0;0;0;0;0
2755X;2013-08-23;31.2;17:10;13.6;08:00;22.4;39;22:50;19;22:40;0;0;0;0;0
2755X;2013-08-24;28.4;17:50;13.6;07:40;21;39;20:00;18;20:00;0;0;0;0;0
2755X;2013-08-25;26.8;19:00;10.7;07:50;18.7;31;22:20;18;22:10;0;0;0;0;0
2755X;2013-08-26;25.0;16:50;11.6;07:50;18.3;37;17:20;17;17:20;0;0;0;0;0
2755X;2013-08-27;25.3;17:20;9.5;07:50;17.4;39;22:20;19;22:20;0;0;0;0;0
2755X;2013-08-28;24.8;17:20;12.8;08:20;18.8;41;22:10;21;20:50;0;0;0;0;0
2755X;2013-08-29;24.6;16:50;9.0;07:40;16.8;39;00:30;20;11:30;0;0;0;0;0
2755X;2013-08-30;27.1;18:30;9.4;07:40;18.3;23;00:40;12;11:50;0;0;0;0;0
2755X;2013-08-31;27.8;19:00;10.2;07:50;19;25;23:00;12;23:59;0;0;0;0;0
2755X;2013-09-01;28.4;18:10;11.4;08:00;19.9;33;14:30;16;14:00;0;0;0;0;0
2755X;2013-09-02;29.9;18:30;11.5;08:00;20.7;33;02:20;14;02:20;0;0;0;0;0
2755X;2013-09-03;32.4;18:10;10.0;08:10;21.2;20;16:30;12;16:40;0;0;0;0;0
2755X;2013-09-04;32.2;18:30;11.9;06:50;22.1;18;16:50;10;09:50;0;0;0;0;0
2755X;2013-09-05;24.4;18:50;15.2;23:20;19.8;40;19:40;20;20:10;3.8;0;2.6;1;0.2
2755X;2013-09-06;24.5;17:50;11.4;05:30;17.9;28;20:20;12;20:20;0;0;0;0;0
2755X;2013-09-07;25.6;17:40;12.2;06:40;18.9;33;20:30;12;22:40;2;0;0;0;2
2755X;2013-09-08;22.2;17:20;12.1;08:30;17.2;18;04:40;10;18:30;0.2;0.2;0;0;0
2755X;2013-09-09;25.3;16:40;9.7;08:10;17.5;19;15:40;9;04:30;0;0;0;0;0
2755X;2013-09-10;26.3;18:50;12.4;08:00;19.3;40;22:40;23;21:20;0.2;0.2;0;0;0
2755X;2013-09-11;21.9;17:20;11.9;07:30;16.9;39;13:10;18;13:20;0;0;0;0;0
2755X;2013-09-12;25.8;19:10;7.3;08:00;16.5;22;12:10;12;12:10;0;0;0;0;0
2755X;2013-09-13;25.7;17:00;12.1;08:40;18.9;24;13:20;13;12:50;0;0;0;0;0
2755X;2013-09-14;29.7;17:30;10.6;06:50;20.2;39;21:40;19;21:40;0;0;0;0;0
2755X;2013-09-15;23.8;17:10;11.8;08:10;17.8;21;13:50;10;02:50;0;0;0;0;0
2755X;2013-09-16;27.5;16:20;9.2;08:10;18.3;29;16:20;14;23:00;0;0;0;0;0
2755X;2013-09-17;25.1;18:20;9.8;07:10;17.5;22;14:40;11;14:30;0;0;0;0;0
2755X;2013-09-18;25.6;16:40;9.6;07:50;17.6;24;13:20;12;21:10;0;0;0;0;0
2755X;2013-09-19;26.6;17:40;9.3;08:30;18;35;21:20;17;21:10;0;0;0;0;0
2755X;2013-09-20;26.1;18:10;10.6;08:10;18.4;21;23:50;12;23:59;0;0;0;0;0
2755X;2013-09-21;27.4;18:00;11.9;08:00;19.6;26;14:10;13;00:20;0;0;0;0;0
2755X;2013-09-22;30.0;17:20;9.9;08:20;19.9;20;02:00;10;01:10;0;0;0;0;0
2755X;2013-09-23;31.0;16:50;9.9;07:10;20.4;24;17:00;12;17:00;0;0;0;0;0
2755X;2013-09-24;28.6;17:00;12.7;07:10;20.7;33;14:40;16;14:40;0;0;0;0;0
2755X;2013-09-25;27.6;16:50;13.1;08:10;20.4;38;14:10;17;13:50;0;0;0;0;0
2755X;2013-09-26;28.0;15:50;12.2;08:50;20.1;40;14:00;19;14:00;0;0;0;0;0
2755X;2013-09-27;;;;;;;;;;;;;0;0
2755X;2013-09-28;19.0;17:20;13.0;01:40;16;43;17:10;21;16:40;0;0;0;0;0
2755X;2013-09-29;20.3;15:40;13.9;07:40;17.1;48;15:10;20;13:20;0.2;0;0;0.2;0
2755X;2013-09-30;21.4;15:10;14.3;00:00;17.8;39;15:00;20;12:20;0;0;0;0;0
2755X;2013-10-01;19.4;18:20;15.8;10:30;17.6;43;18:40;17;16:50;;0;;;
2755X;2013-10-02;18.9;15:10;15.0;10:00;16.9;19;18:10;9;18:10;;;;5.2;0
2755X;2013-10-03;21.2;17:50;13.6;23:59;17.4;45;15:40;22;14:50;5.4;2;2.8;0.6;0
2755X;2013-10-04;21.2;18:00;11.1;09:00;16.2;30;16:10;14;14:40;0;0;0;0;0
2755X;2013-10-05;20.6;16:20;8.5;08:30;14.6;17;23:30;9;10:20;0;0;0;0;0
2755X;2013-10-06;20.5;16:40;8.3;08:10;14.4;23;11:40;12;12:50;0;0;0;0;0
2755X;2013-10-07;21.0;17:40;6.9;08:40;14;18;14:40;8;13:30;0;0;0;0;0
2755X;2013-10-08;21.3;18:00;7.0;08:40;14.1;19;17:20;8;10:30;0;0;0;0;0
2755X;2013-10-09;20.6;17:50;7.8;08:10;14.2;28;11:40;15;12:00;0;0;0;0;0
2755X;2013-10-10;20.8;17:30;5.8;07:50;13.3;25;23:30;11;23:59;0;0;0;0;0
2755X;2013-10-11;16.1;16:50;5.6;08:00;10.9;37;23:00;18;22:50;0;0;0;0;0
2755X;2013-10-12;17.8;17:30;3.3;08:40;10.5;25;00:30;14;00:30;0;0;0;0;0
2755X;2013-10-13;19.3;16:00;5.6;08:50;12.4;29;18:20;14;18:20;1.8;0;0;0;1.8
2755X;2013-10-14;16.4;15:20;11.2;07:30;13.8;24;01:00;12;19:50;2.4;0;1.4;0;1
2755X;2013-10-15;18.7;16:30;13.2;07:20;16;40;13:40;22;13:40;0.8;0.4;0.4;0;0
2755X;2013-10-16;20.2;18:10;13.4;06:10;16.8;33;13:50;17;15:10;0;0;0;0;0
2755X;2013-10-17;22.8;17:30;14.0;03:20;18.4;17;12:40;9;14:00;0;0;0;0;0
2755X;2013-10-18;21.3;14:00;10.2;09:30;15.7;39;13:20;21;14:50;0;0;0;0;0
2755X;2013-10-19;19.2;15:50;12.6;23:59;15.9;44;16:00;19;16:30;3;2.6;0.2;0;0.2
2755X;2013-10-20;18.3;17:40;9.7;05:50;14;33;15:10;17;15:00;0;0;0;0;0
2755X;2013-10-21;18.1;16:40;10.4;01:50;14.3;40;15:40;20;15:40;0;0;0;0;0
2755X;2013-10-22;15.4;17:30;11.4;09:10;13.4;46;15:10;21;14:00;13.2;3.4;8.8;1;0
2755X;2013-10-23;17.4;17:40;11.1;08:30;14.3;35;00:30;18;00:20;4;0;0;0.2;3.8
2755X;2013-10-24;16.8;16:20;12.5;08:30;14.6;53;17:00;26;17:00;16.6;0.2;9.4;7;0
2755X;2013-10-25;14.6;00:00;11.9;10:00;13.3;25;05:50;11;05:50;5.6;0.4;2;1.2;2
2755X;2013-10-26;17.4;15:50;9.3;08:30;13.3;45;12:50;15;16:40;0.6;0.6;0;0;0
2755X;2013-10-27;18.6;16:40;6.4;05:10;12.5;19;16:50;10;17:00;0;0;0;0;0
2755X;2013-10-28;13.9;14:20;5.3;23:59;9.6;31;12:30;15;12:10;0.2;0;0.2;0;0
2755X;2013-10-29;13.7;15:30;2.8;04:30;8.2;31;11:00;15;11:00;0;0;0;0;0
2755X;2013-10-30;13.7;15:40;1.2;08:10;7.4;17;08:30;8;00:40;0;0;0;0;0
2755X;2013-10-31;15.9;16:50;0.2;07:50;8;17;15:10;9;15:40;0;0;0;0;0
2755X;2013-11-01;14.7;13:00;5.4;06:40;10;42;22:30;21;22:40;0;0;0;0;0
2755X;2013-11-02;17.4;13:20;11.6;23:59;14.5;45;13:40;23;14:40;2.2;0;0;0;2.2
2755X;2013-11-03;15.7;16:30;6.2;08:00;10.9;24;20:40;12;10:30;0;0;0;0;0
2755X;2013-11-04;19.8;15:10;8.6;01:30;14.2;67;12:20;27;12:40;0.4;0.4;0;0;0
2755X;2013-11-05;21.4;15:10;12.5;23:59;16.9;35;15:30;16;12:30;0;0;0;0;0
2755X;2013-11-06;18.1;15:50;8.6;05:10;13.4;30;17:10;17;16:00;0;0;0;0;0
2755X;2013-11-07;16.2;13:20;8.2;07:20;12.2;28;16:20;14;15:00;0;0;0;0;0
2755X;2013-11-08;15.0;12:20;6.1;23:00;10.5;43;14:00;21;21:20;0;0;0;0;0
2755X;2013-11-09;14.0;13:30;1.7;08:20;7.9;41;13:40;19;14:10;0;0;0;0;0
2755X;2013-11-10;17.4;14:40;6.7;23:30;12;43;11:50;19;11:40;0;0;0;0;0
2755X;2013-11-11;17.4;16:20;2.9;08:00;10.1;15;11:20;8;12:00;0;0;0;0;0
2755X;2013-11-12;13.6;17:10;2.9;08:10;8.3;23;14:20;11;22:40;0;0;0;0;0
2755X;2013-11-13;17.8;15:50;3.4;08:00;10.6;31;18:40;16;18:50;0;0;0;0;0
2755X;2013-11-14;14.1;15:50;0.1;07:40;7.1;17;12:30;7;04:20;0;0;0;0;0
2755X;2013-11-15;12.1;13:10;1.2;21:20;6.7;49;14:30;28;14:30;0;0;0;0;0
2755X;2013-11-16;8.4;16:40;1.8;08:40;5.1;53;15:40;21;16:50;0.6;0.6;0;0;0
2755X;2013-11-17;11.5;13:20;1.9;02:40;6.7;42;13:40;21;12:40;1.2;0;0.2;0.6;0.4
2755X;2013-11-18;13.5;15:30;2.1;08:10;7.8;30;11:20;16;11:30;0;0;0;0;0
2755X;2013-11-19;13.2;13:00;1.7;21:30;7.4;47;12:10;27;14:40;0;0;0;0;0
2755X;2013-11-20;10.0;15:20;-0.6;23:50;4.7;37;01:30;19;01:50;0;0;0;0;0
2755X;2013-11-22;;;;;;;;;;;0;0;;
2755X;2013-11-23;10.6;16:20;-3.9;05:30;3.4;22;13:40;12;13:10;0;0;0;0;0
2755X;2013-11-24;10.4;15:40;-3.7;05:20;3.3;26;19:40;9;15:10;0;0;0;0;0
2755X;2013-11-25;11.1;16:20;-4.1;05:50;3.5;32;16:40;13;13:50;0;0;0;0;0
2755X;2013-11-26;7.3;13:50;-4.1;07:20;1.6;51;15:40;28;14:50;0;0;0;0;0
2755X;2013-11-27;7.2;14:50;-4.1;08:00;1.5;44;17:20;22;14:20;0;0;0;0;0
2755X;2013-11-28;7.3;16:40;-3.3;08:30;2;26;13:40;14;03:20;0;0;0;0;0
2755X;2013-11-29;9.8;15:10;-4.9;09:00;2.5;25;17:40;12;00:30;0;0;0;0;0
2755X;2013-11-30;11.1;14:40;-4.5;07:00;3.3;42;16:30;22;15:30;0;0;0;0;0
2755X;2013-12-01;9.9;15:10;-4.1;06:10;2.9;32;19:00;17;14:30;0;0;0;0;0
2755X;2013-12-02;9.5;15:50;-5.5;06:50;2;23;17:20;11;17:20;0;0;0;0;0
2755X;2013-12-03;10.7;16:30;-3.9;07:50;3.4;19;01:50;12;01:50;0;0;0;0;0
2755X;2013-12-04;14.2;16:50;-3.8;08:40;5.2;14;06:30;8;06:30;0;0;0;0;0
2755X;2013-12-05;4.1;14:40;-2.9;05:10;0.6;21;12:40;12;12:50;0;0;0;0;0
2755X;2013-12-06;5.9;13:50;-1.7;22:10;2.1;28;10:50;14;10:40;0;0;0;0;0
2755X;2013-12-07;7.0;15:20;-5.9;08:40;0.5;14;15:20;8;00:10;0;0;0;0;0
2755X;2013-12-08;-0.7;15:30;-6.2;07:00;-3.4;10;16:20;6;20:50;0;0;0;0;0
2755X;2013-12-09;3.6;15:30;-8.1;07:20;-2.3;24;15:20;6;14:20;0;0;0;0;0
2755X;2013-12-10;7.8;16:10;-7.4;08:20;0.2;12;13:40;6;13:20;0;0;0;0;0
2755X;2013-12-11;11.4;15:50;-6.1;08:20;2.6;18;02:30;10;02:30;0;0;0;0;0
2755X;2013-12-12;7.9;16:00;-5.0;08:30;1.5;11;02:20;6;00:30;0;0;0;0;0
2755X;2013-12-13;8.6;16:30;1.7;23:59;5.2;14;23:10;9;23:00;0.6;0;0.2;0.4;0
2755X;2013-12-14;10.2;16:00;-3.1;05:30;3.5;27;06:50;13;06:50;0;0;0;0;0
2755X;2013-12-15;1.1;15:00;-2.2;04:10;-0.6;13;15:40;6;15:40;0;0;0;0;0
2755X;2013-12-16;1.9;15:20;-5.0;09:10;-1.6;13;01:20;6;01:20;0;0;0;0;0
2755X;2013-12-17;3.7;19:20;-3.6;01:50;0.1;13;12:40;6;15:10;1.4;0;0;0.8;0.6
2755X;2013-12-18;;;;;;;;;;;0;0;;
2755X;2013-12-19;10.5;14:50;2.0;23:59;6.3;45;16:00;22;16:00;2.2;1.6;0.6;0;0
2755X;2013-12-20;8.9;16:10;-2.2;07:50;3.3;32;02:20;17;02:20;0;0;0;0;0
2755X;2013-12-21;7.3;16:20;-4.1;09:00;1.6;17;12:40;8;12:40;0;0;0;0;0
2755X;2013-12-22;5.2;23:20;-3.7;04:10;0.7;12;16:10;6;16:10;0;0;0;0;0
2755X;2013-12-23;9.3;14:20;4.1;05:20;6.7;47;20:50;22;23:30;0;0;0;0;0
2755X;2013-12-24;10.8;12:40;6.0;23:59;8.4;80;13:00;36;13:00;31.8;1;3;25.2;2.6
2755X;2013-12-25;6.8;15:30;1.9;23:59;4.4;49;15:30;22;15:40;1.4;0.8;0;0.6;0
2755X;2013-12-26;8.5;15:20;0.5;03:00;4.5;39;14:30;19;14:20;0;0;0;0;0
2755X;2013-12-27;11.9;12:00;7.8;00:00;9.8;54;21:50;26;21:40;4.4;0.2;0.8;0.8;2.6
2755X;2013-12-28;8.6;00:30;1.3;23:59;5;43;01:30;21;00:30;0;0;0;0;0
2755X;2013-12-29;8.4;15:30;-1.3;23:50;3.5;21;16:20;11;16:30;0;0;0;0;0
2755X;2013-12-30;6.1;13:30;-1.6;00:50;2.2;27;13:20;15;13:20;3.4;0;0;2;1.4
2755X;2013-12-31;8.3;15:50;4.3;00:00;6.3;41;13:50;21;13:50;2.2;2;0;0;0.2
2755X;2014-01-01;9.5;15:50;6.5;06:20;8;49;14:20;24;12:30;0.6;0;0;0.2;0.4
2755X;2014-01-02;11.6;22:00;8.2;07:30;9.9;32;00:10;17;22:40;6.4;0.6;1.8;1.4;2.6
2755X;2014-01-03;11.5;00:00;6.9;23:30;9.2;40;05:50;18;03:10;11.2;10.4;0.8;0;0
2755X;2014-01-04;7.6;05:10;2.1;19:50;4.8;57;08:00;29;08:00;10.8;2.4;7.6;0.8;0
2755X;2014-01-05;11.0;16:20;2.9;00:00;7;40;15:30;19;08:20;0;0;0;0;0
2755X;2014-01-06;;;;;;;;;;;0;0;0;
2755X;2014-01-07;;;;;;;;;;;;;;
2755X;2014-01-08;;;;;;;;;;;;;;
2755X;2014-01-09;13.6;16:40;2.5;23:50;8.1;12;14:20;6;04:50;0;0;0;0;0
2755X;2014-01-10;11.5;14:50;1.8;09:00;6.6;11;16:00;6;16:00;0;0;0;0;0
2755X;2014-01-11;11.6;16:00;-0.6;07:20;5.5;16;00:50;10;00:50;0;0;0;0;0
2755X;2014-01-12;9.9;17:20;0.5;06:40;5.2;32;17:00;17;17:40;1.2;0;0;0;1.2
2755X;2014-01-13;8.1;14:20;2.1;09:20;5.1;42;14:50;21;14:50;0.2;0;0;0.2;0
2755X;2014-01-14;14.1;15:40;4.8;01:40;9.5;42;14:40;21;16:20;0;0;0;0;0
2755X;2014-01-15;9.5;15:40;6.0;07:40;7.8;45;21:30;22;21:30;2.4;0;0.4;0.2;1.8
2755X;2014-01-16;8.3;00:00;3.0;22:20;5.7;49;13:50;22;13:10;2.2;2.2;0;0;0
2755X;2014-01-17;6.6;13:00;2.6;21:20;4.6;46;12:40;21;12:30;0.6;0;0;0.4;0.2
2755X;2014-01-18;8.6;15:20;3.6;23:50;6.1;24;17:00;12;17:00;1;0.6;0;0.4;0
2755X;2014-01-19;8.0;17:00;1.0;06:00;4.5;43;14:00;23;11:40;3;3;0;0;0
2755X;2014-01-20;9.7;16:40;0.1;23:10;4.9;28;17:00;14;12:20;0;0;0;0;0
2755X;2014-01-21;8.5;15:20;-0.5;06:00;4;33;15:20;17;15:40;8.4;0;0.2;2.6;5.6
2755X;2014-01-22;10.2;14:50;1.6;23:59;5.9;45;15:50;23;11:50;0;0;0;0;0
2755X;2014-01-23;12.1;15:20;-0.4;02:50;5.9;31;14:20;17;07:10;0;0;0;0;0
2755X;2014-01-24;13.9;16:20;0.4;05:00;7.1;48;15:10;25;15:00;0;0;0;0;0
2755X;2014-01-25;16.0;14:50;4.7;06:00;10.3;44;13:10;24;13:00;0;0;0;0;0
2755X;2014-01-26;12.9;14:50;1.3;09:30;7.1;39;17:50;20;22:30;0;0;0;0;0
2755X;2014-01-27;10.4;14:40;2.4;23:20;6.4;59;17:10;27;17:10;0;0;0;0;0
2755X;2014-01-28;10.4;15:00;1.3;07:30;5.8;81;14:50;28;14:50;0;0;0;0;0
2755X;2014-01-29;8.5;16:10;-0.6;07:20;3.9;42;17:00;21;16:00;3.2;3.2;0;0;0
2755X;2014-01-30;9.2;14:00;0.2;03:50;4.7;42;16:20;18;15:40;0;0;0;0;0
2755X;2014-01-31;12.8;14:00;2.8;04:20;7.8;36;18:30;20;23:40;0;0;0;0;0
2755X;2014-02-01;9.4;00:10;0.0;23:00;4.7;59;14:10;28;14:10;2.8;2.8;0;0;0
2755X;2014-02-02;8.7;16:10;-1.0;05:50;3.8;33;17:30;16;17:30;0;0;0;0;0
2755X;2014-02-03;7.1;15:50;0.4;06:20;3.7;44;16:00;21;15:40;3;1;2;0;0
2755X;2014-02-04;8.0;22:50;2.4;04:30;5.2;62;21:50;28;21:40;7.4;0;0;2.4;5
2755X;2014-02-05;9.1;14:20;3.3;08:10;6.2;62;11:30;23;12:20;0.2;0;0.2;0;0
2755X;2014-02-06;14.8;14:20;4.9;23:59;9.9;96;14:30;39;14:30;5;2;0.2;2.8;0
2755X;2014-02-07;7.4;14:30;1.7;07:20;4.6;53;14:40;25;21:10;0.8;0;0.2;0.2;0.4
2755X;2014-02-08;9.1;14:40;2.5;22:40;5.8;68;14:40;32;04:20;10.4;4;6.4;0;0
2755X;2014-02-09;7.1;18:20;1.5;02:00;4.3;44;13:50;22;14:00;17.2;0;0.4;5.4;11.4
2755X;2014-02-10;7.4;15:20;1.4;22:10;4.4;65;05:00;33;13:10;0;0;0;0;0
2755X;2014-02-11;9.6;16:30;0.9;23:59;5.3;38;07:20;20;12:00;2;0.6;1.2;0.2;0
2755X;2014-02-12;8.5;23:50;-1.8;04:20;3.4;34;23:40;18;23:10;0.4;0;0;0.4;0
2755X;2014-02-13;14.2;13:40;7.0;07:40;10.6;59;11:10;28;02:40;0.2;0.2;0;0;0
2755X;2014-02-14;13.5;15:30;6.2;23:10;9.8;76;15:30;36;14:00;4.4;0.8;0.2;0.2;3.2
2755X;2014-02-15;8.8;15:00;2.2;23:59;5.5;33;00:30;18;16:40;0.4;0.4;0;0;0
2755X;2014-02-16;9.1;16:50;-3.2;08:30;3;27;18:10;13;18:00;0;0;0;0;0
2755X;2014-02-17;9.0;14:50;-1.9;06:40;3.6;33;16:20;16;16:40;1;0;0;0;1
2755X;2014-02-18;11.5;17:10;3.0;23:59;7.3;32;21:10;15;20:10;2.4;2.4;0;0;0
2755X;2014-02-19;13.5;15:50;-1.4;08:30;6.1;29;14:20;13;16:20;0;0;0;0;0
2755X;2014-02-20;12.5;13:20;3.0;02:00;7.8;50;13:00;24;13:30;0.4;0;0;0.4;0
2755X;2014-02-21;9.7;15:40;0.8;08:10;5.2;28;13:50;14;15:40;0;0;0;0;0
2755X;2014-02-22;12.7;16:40;2.1;23:59;7.4;27;12:40;14;05:00;0;0;0;0;0
2755X;2014-02-23;12.8;16:10;-0.8;07:40;6;31;13:10;14;13:20;0;0;0;0;0
2755X;2014-02-24;10.5;14:20;1.1;01:20;5.8;32;23:40;15;22:30;3.6;0;1.4;2.2;0
2755X;2014-02-25;11.6;14:10;2.1;23:59;6.9;75;13:30;34;13:40;0.6;0;0;0.6;0
2755X;2014-02-26;10.3;17:00;0.9;03:40;5.6;32;12:00;17;12:00;2.6;2.6;0;0;0
2755X;2014-02-27;16.5;17:30;5.3;04:20;10.9;31;05:50;17;05:50;0;0;0;0;0
2755X;2014-02-28;12.6;14:10;5.7;04:00;9.2;60;14:40;30;14:40;0;0;0;0;0
2755X;2014-03-01;13.5;13:40;4.6;07:30;9;45;13:50;19;17:10;0.6;0;0.4;0.2;0
2755X;2014-03-02;14.3;18:10;7.2;06:20;10.8;60;21:40;22;22:30;0;0;0;0;0
2755X;2014-03-03;10.1;15:50;2.4;08:00;6.3;60;13:30;28;15:00;0.4;0.2;0;0.2;0
2755X;2014-03-04;10.1;16:10;1.1;07:50;5.6;43;16:40;20;15:40;0;0;0;0;0
2755X;2014-03-05;18.7;17:10;2.0;08:20;10.4;27;18:00;14;14:50;0;0;0;0;0
2755X;2014-03-06;18.3;16:30;1.0;06:40;9.6;17;09:10;9;09:10;0;0;0;0;0
2755X;2014-03-07;19.9;16:40;1.6;08:10;10.7;20;13:40;8;05:10;0;0;0;0;0
2755X;2014-03-08;20.1;17:10;2.3;05:20;11.2;18;14:10;9;09:10;0;0;0;0;0
2755X;2014-03-09;18.1;16:00;2.1;07:40;10.1;27;16:00;12;13:50;0;0;0;0;0
2755X;2014-03-10;19.3;17:10;0.8;05:30;10;36;21:20;20;21:20;0;0;0;0;0
2755X;2014-03-11;17.7;16:10;-0.7;06:40;8.5;43;15:30;23;14:40;0;0;0;0;0
2755X;2014-03-12;18.0;16:50;3.2;05:50;10.6;24;17:10;11;17:30;0;0;0;0;0
2755X;2014-03-13;16.3;17:00;1.5;07:50;8.9;25;16:20;11;18:00;0;0;0;0;0
2755X;2014-03-14;17.6;16:30;0.1;06:50;8.9;20;15:50;9;16:40;0;0;0;0;0
2755X;2014-03-15;19.2;16:30;1.8;08:00;10.5;28;14:10;9;03:10;0;0;0;0;0
2755X;2014-03-16;21.1;15:50;2.8;04:20;12;43;17:50;25;16:30;0;0;0;0;0
2755X;2014-03-17;22.8;16:10;2.7;06:00;12.7;27;17:00;13;18:40;0;0;0;0;0
2755X;2014-03-18;20.3;16:20;5.7;06:30;13;36;20:10;20;20:10;0;0;0;0;0
2755X;2014-03-19;18.9;17:50;3.6;07:20;11.2;36;05:10;17;05:20;0;0;0;0;0
2755X;2014-03-20;;;;;;;;;;;;;;0
2755X;2014-03-21;16.7;14:00;7.8;07:40;12.3;44;17:30;21;12:50;0;0;0;0;0
2755X;2014-03-22;12.4;14:10;3.0;23:59;7.7;45;17:50;23;18:40;0;0;0;0;0
2755X;2014-03-23;13.1;17:20;1.4;06:50;7.3;36;10:30;18;10:30;0;0;0;0;0
2755X;2014-03-24;12.8;16:40;3.0;00:50;7.9;50;17:50;22;17:40;2;0;1;1;0
2755X;2014-03-25;11.4;12:20;0.8;07:40;6.1;81;12:30;32;12:20;0.6;0;0;0.6;0
2755X;2014-03-26;12.8;14:40;2.0;02:20;7.4;59;13:10;28;13:10;0;0;0;0;0
2755X;2014-03-27;11.4;15:40;-0.9;07:20;5.2;37;15:10;17;18:30;0;0;0;0;0
2755X;2014-03-28;12.7;14:20;0.4;03:40;6.5;41;17:00;17;17:00;1;0;0;0;1
2755X;2014-03-29;9.0;17:40;4.9;09:30;7;24;10:30;14;10:30;15.2;4;6.6;0.2;4.4
2755X;2014-03-30;14.2;18:10;4.9;08:50;9.5;40;13:20;21;12:00;1.6;1.2;0;0;0.4
2755X;2014-03-31;15.1;16:50;7.5;07:50;11.3;45;19:10;21;19:10;8.2;0.2;0;1.2;6.8
2755X;2014-04-01;13.4;14:10;8.5;06:20;10.9;45;20:10;21;23:00;5.6;1.2;1;1.8;1.6
2755X;2014-04-02;13.2;18:20;7.1;07:20;10.1;32;05:00;14;04:40;10.2;4.4;3.6;2;0.2
2755X;2014-04-03;14.6;18:40;5.3;08:50;10;41;20:00;22;20:10;0.8;0.4;0;0.4;0
2755X;2014-04-04;10.3;18:40;1.4;08:00;5.9;32;12:00;17;11:50;0.8;0;0;0.8;0
2755X;2014-04-05;18.8;15:00;9.3;00:40;14;31;16:10;15;16:10;2.4;0;0;2.4;0
2755X;2014-04-06;20.6;18:20;6.5;08:20;13.6;32;18:00;17;18:00;;;0;0;0
2755X;2014-04-08;19.6;17:40;6.0;07:50;12.8;39;23:50;17;23:50;0;0;0;0;0
2755X;2014-04-09;23.3;17:40;5.6;07:50;14.4;31;00:20;14;00:20;0;0;0;0;0
2755X;2014-04-10;27.1;17:10;10.4;08:10;18.8;53;22:50;20;22:50;0;0;0;0;0
2755X;2014-04-11;20.6;17:00;7.4;07:30;14;32;21:30;17;21:30;0;0;0;0;0
2755X;2014-04-12;19.4;17:20;5.1;08:10;12.2;33;17:20;14;17:40;0;0;0;0;0
2755X;2014-04-13;23.1;18:00;7.3;08:00;15.2;26;01:00;14;01:00;0;0;0;0;0
2755X;2014-04-14;23.1;16:50;8.6;07:40;15.9;23;15:30;13;10:10;0;0;0;0;0
2755X;2014-04-15;24.3;17:30;11.9;06:40;18.1;28;16:50;14;03:10;0;0;0;0;0
2755X;2014-04-16;25.4;16:50;9.5;07:50;17.4;35;22:40;14;22:40;0;0;0;0;0
2755X;2014-04-17;26.5;19:10;9.1;07:30;17.8;24;19:30;10;12:20;0;0;0;0;0
2755X;2014-04-19;23.9;16:30;11.0;07:40;17.4;41;18:30;21;18:30;0;0;0;0;0
2755X;2014-04-20;16.8;15:20;8.6;08:00;12.7;37;19:10;18;19:10;2.8;1.6;0;0;1.2
2755X;2014-04-21;18.1;17:20;5.3;07:50;11.7;;;;;;0;;0;0
2755X;2014-04-22;16.3;18:50;5.5;06:50;10.9;37;16:00;18;13:20;0;0;0;0;0
2755X;2014-04-23;17.9;16:40;9.9;08:30;13.9;47;17:00;21;13:50;0;0;0;0;0
2755X;2014-04-24;14.4;13:50;6.1;23:59;10.2;45;14:50;21;14:50;0.4;0;0;0.4;0
2755X;2014-04-25;;;;;;;;;;;0;;0;0
2755X;2014-04-26;19.6;16:10;8.8;03:40;14.2;53;16:30;25;16:30;0;0;0;0;0
2755X;2014-04-27;19.1;15:40;3.8;07:20;11.5;34;19:30;18;17:20;0;0;0;0;0
2755X;2014-04-28;24.0;17:50;9.4;02:40;16.7;31;19:40;15;19:50;0;0;0;0;0
2755X;2014-04-29;22.0;17:20;6.5;07:00;14.3;32;20:30;14;21:50;0;0;0;0;0
2755X;2014-04-30;21.8;17:10;6.3;07:00;14;32;22:30;15;22:20;0;0;0;0;0
2755X;2014-05-01;24.7;17:40;6.6;07:10;15.7;39;17:50;19;18:10;0;0;0;0;0
2755X;2014-05-02;22.0;17:30;5.8;07:10;13.9;37;15:20;19;20:40;0;0;0;0;0
2755X;2014-05-03;20.1;17:50;4.5;06:30;12.3;32;00:30;17;12:50;0;0;0;0;0
2755X;2014-05-04;24.1;18:30;5.7;07:20;14.9;23;00:10;11;00:30;0;0;0;0;0
2755X;2014-05-05;27.0;18:00;7.5;07:20;17.3;37;15:50;18;17:50;0;0;0;0;0
2755X;2014-05-06;24.9;14:40;14.1;07:50;19.5;36;17:00;17;17:30;0;0;0;0;0
2755X;2014-05-07;27.0;19:00;12.1;07:40;19.6;24;09:40;13;09:30;0;0;0;0;0
2755X;2014-05-08;28.1;18:40;10.8;06:50;19.5;30;20:00;14;20:10;0;0;0;0;0
2755X;2014-05-09;28.1;18:50;11.6;07:20;19.9;19;23:40;11;23:50;0;0;0;0;0
2755X;2014-05-10;28.1;17:20;11.4;07:20;19.8;42;19:40;20;19:40;0;0;0;0;0
2755X;2014-05-11;24.3;18:40;12.0;06:20;18.1;35;00:10;19;00:30;0;0;0;0;0
2755X;2014-05-12;23.6;17:40;6.9;07:00;15.3;50;19:00;27;19:00;0;0;0;0;0
2755X;2014-05-13;19.0;18:20;4.6;07:10;11.8;39;22:00;19;22:00;0;0;0;0;0
2755X;2014-05-14;22.4;17:50;3.9;07:10;13.1;44;00:50;19;01:30;0;0;0;0;0
2755X;2014-05-15;24.0;18:00;7.6;06:50;15.8;41;23:59;23;20:00;0;0;0;0;0
2755X;2014-05-16;24.5;17:10;7.3;07:00;15.9;48;15:00;26;15:00;0;0;0;0;0
2755X;2014-05-17;23.9;18:00;7.1;07:30;15.5;46;02:20;22;02:10;0;0;0;0;0
2755X;2014-05-18;26.6;18:20;6.6;07:10;16.6;44;15:50;17;20:40;0;0;0;0;0
2755X;2014-05-19;18.7;17:00;8.2;23:50;13.5;59;18:20;24;18:10;2.4;0;0;0;2.4
2755X;2014-05-20;16.4;17:10;5.2;07:10;10.8;42;16:40;19;17:30;0;0;0;0;0
2755X;2014-05-21;14.2;15:50;6.9;21:00;10.5;71;17:20;27;13:00;16;8.6;5.2;1.4;0.8
2755X;2014-05-22;16.4;16:50;7.3;02:30;11.8;61;03:30;24;17:40;1;0.2;0;0;0.8
2755X;2014-05-23;17.4;17:30;6.8;07:30;12.1;41;05:50;18;14:20;0.8;0;0.8;0;0
2755X;2014-05-24;18.2;19:00;4.0;05:50;11.1;27;15:30;11;19:10;0;0;0;0;0
2755X;2014-05-25;17.4;18:10;5.7;07:20;11.5;36;21:50;18;21:50;0;0;0;0;0
2755X;2014-05-26;19.2;17:40;4.1;07:00;11.7;35;22:30;14;23:30;0;0;0;0;0
2755X;2014-05-27;21.2;17:00;8.3;05:00;14.8;28;17:10;13;00:20;1;0;0;0;1
2755X;2014-05-28;20.6;17:20;10.6;06:50;15.6;41;19:00;22;19:00;0.4;0.4;0;0;0
2755X;2014-05-29;20.4;18:20;7.8;07:20;14.1;45;17:50;19;16:30;0;0;0;0;0
2755X;2014-05-30;20.9;19:00;8.3;07:10;14.6;37;20:30;18;22:20;0;0;0;0;0
2755X;2014-05-31;20.1;19:20;8.9;07:10;14.5;41;21:50;19;20:00;0;0;0;0;0
2755X;2014-06-01;22.2;18:00;6.9;07:10;14.6;34;12:50;18;10:40;0;0;0;0;0
2755X;2014-06-02;25.0;19:10;8.5;07:10;16.8;21;13:30;10;17:50;0;0;0;0;0
2755X;2014-06-03;27.4;17:10;10.2;06:50;18.8;39;16:40;15;17:20;0;0;0;0;0
2755X;2014-06-04;23.2;19:10;11.2;06:40;17.2;34;10:10;17;10:10;0;0;0;0;0
2755X;2014-06-05;24.9;18:10;6.9;06:20;15.9;36;16:50;16;15:20;0;0;0;0;0
2755X;2014-06-06;24.6;14:00;11.7;07:20;18.2;63;14:40;35;14:40;0;0;0;0;0
2755X;2014-06-07;21.4;18:40;11.2;05:20;16.3;50;18:50;22;19:00;5.2;5;0.2;0;0
2755X;2014-06-08;22.9;15:20;9.3;05:00;16.1;45;14:10;22;13:30;0;0;0;0;0
2755X;2014-06-09;21.5;13:30;11.9;06:40;16.7;43;14:50;17;16:30;0;0;0;0;0
2755X;2014-06-10;24.2;18:40;8.3;06:40;16.3;25;09:30;11;09:30;0;0;0;0;0
2755X;2014-06-11;30.0;17:50;11.0;06:40;20.5;26;14:20;13;13:50;0;0;0;0;0
2755X;2014-06-12;32.4;18:00;15.0;06:40;23.7;23;23:30;12;23:10;0;0;0;0;0
2755X;2014-06-13;33.0;19:30;15.6;07:00;24.3;33;22:00;17;23:30;0;0;0;0;0
2755X;2014-06-14;29.4;17:40;15.2;06:40;22.3;43;20:10;19;18:10;0;0;0;0;0
2755X;2014-06-15;26.5;18:20;10.3;06:30;18.4;46;16:00;27;10:50;0;0;0;0;0
2755X;2014-06-16;23.7;18:10;8.6;07:00;16.2;47;14:10;21;12:10;;0;;0;0
2755X;2014-06-17;25.8;17:50;9.7;07:00;17.7;34;18:00;18;00:30;0;0;0;0;0
2755X;2014-06-18;28.3;19:40;9.5;07:20;18.9;28;01:10;14;09:50;0;0;0;0;0
2755X;2014-06-19;31.1;17:50;12.8;07:00;22;50;22:20;22;22:20;0;0;0;0;0
2755X;2014-06-20;30.6;16:50;16.2;06:00;23.4;45;18:20;22;20:10;0;0;0;0;0
2755X;2014-06-21;25.7;18:00;13.5;06:10;19.6;39;15:40;16;16:10;0;0;0;0;0
2755X;2014-06-22;27.6;18:10;13.3;06:40;20.5;21;17:10;10;02:20;0;0;0;0;0
2755X;2014-06-23;28.3;17:10;14.3;06:40;21.3;43;23:20;19;23:20;0;0;0;0;0
2755X;2014-06-24;20.8;18:30;14.0;08:10;17.4;32;01:00;17;04:30;9.2;3.4;5.8;0;0
2755X;2014-06-25;26.3;17:50;12.8;06:40;19.5;42;18:50;18;18:50;0;0;0;0;0
2755X;2014-06-26;26.1;17:50;14.1;06:50;20.1;25;13:30;12;19:50;0;0;0;0;0
2755X;2014-06-27;26.5;16:40;12.9;07:00;19.7;39;15:00;18;18:20;0;0;0;0;0
2755X;2014-06-28;23.9;18:20;14.4;06:40;19.1;49;14:10;25;12:00;0.2;0;0;0.2;0
2755X;2014-06-29;24.8;18:20;9.6;07:20;17.2;31;04:00;18;03:40;0;0;0;0;0
2755X;2014-06-30;26.8;16:20;10.6;06:40;18.7;43;20:00;21;17:30;0;0;0;0;0
2755X;2014-07-01;23.6;18:30;14.1;06:50;18.9;41;15:30;20;13:30;0;0;0;0;0
2755X;2014-07-02;22.8;18:20;12.3;07:20;17.5;50;20:50;28;20:50;2.2;0;0;2.2;0
2755X;2014-07-03;23.5;15:30;13.6;04:20;18.6;43;15:50;18;12:10;7.2;0;0;6.6;0.6
2755X;2014-07-04;28.1;18:10;11.7;06:10;19.9;32;17:20;14;16:30;0;0;0;0;0
2755X;2014-07-05;27.5;17:00;12.9;07:00;20.2;46;17:00;22;16:30;0;0;0;0;0
2755X;2014-07-06;23.6;18:00;13.9;23:59;18.8;39;21:10;21;20:50;1.4;0;0.2;1.2;0
2755X;2014-07-07;24.2;19:00;12.1;07:20;18.2;40;22:50;16;22:00;0;0;0;0;0
2755X;2014-07-08;26.1;17:20;11.7;06:50;18.9;38;21:20;19;20:50;0;0;0;0;0
2755X;2014-07-09;24.5;18:20;9.3;06:50;16.9;44;22:50;21;22:50;0;0;0;0;0
2755X;2014-07-10;25.0;20:10;8.4;07:10;16.7;28;11:30;14;00:30;0;0;0;0;0
2755X;2014-07-11;27.4;18:30;8.8;07:10;18.1;50;22:20;20;22:20;0;0;0;0;0
2755X;2014-07-12;27.0;18:10;11.1;07:10;19.1;36;00:10;17;00:10;0;0;0;0;0
2755X;2014-07-13;31.6;18:00;13.0;07:10;22.3;43;20:30;22;20:00;0;0;0;0;0
2755X;2014-07-14;29.8;18:40;13.8;07:10;21.8;25;15:40;11;16:40;0;0;0;0;0
2755X;2014-07-15;34.6;19:30;15.5;07:20;25;24;00:20;13;09:00;0;0;0;0;0
2755X;2014-07-16;36.4;19:10;16.5;07:00;26.5;32;15:10;14;15:30;0;0;0;0;0
2755X;2014-07-17;33.8;17:20;16.2;07:20;25;53;17:00;23;16:50;0;0;0;0;0
2755X;2014-07-18;29.1;15:10;15.6;07:00;22.4;43;15:10;22;15:20;0;0;0;0;0
2755X;2014-07-19;21.1;16:50;14.3;06:30;17.7;43;17:30;18;17:30;10.4;0;0;5.6;4.8
2755X;2014-07-20;24.4;19:40;12.3;06:20;18.3;37;21:20;18;20:20;0;0;0;0;0
2755X;2014-07-21;26.5;20:10;10.8;07:30;18.7;26;00:10;14;00:10;0;0;0;0;0
2755X;2014-07-22;30.3;18:20;13.9;06:10;22.1;23;02:30;11;02:30;0;0;0;0;0
2755X;2014-07-23;33.4;18:40;14.0;07:20;23.7;30;23:59;14;23:50;0;0;0;0;0
2755X;2014-07-24;33.3;17:40;17.4;06:50;25.3;37;21:40;18;20:50;0;0;0;0;0
2755X;2014-07-25;32.1;19:00;15.9;07:00;24;37;23:00;15;23:00;0;0;0;0;0
2755X;2014-07-26;33.0;18:50;16.8;07:30;24.9;36;23:00;17;23:00;;0;0;0;
2755X;2014-07-27;34.1;19:10;17.3;06:30;25.7;37;23:30;17;23:59;;;0;0;0
2755X;2014-07-28;29.3;17:40;16.6;06:50;22.9;44;21:00;23;21:00;0;0;0;0;0
2755X;2014-07-29;26.8;18:40;12.4;07:30;19.6;34;22:30;15;22:50;0;0;0;0;0
2755X;2014-07-30;29.0;18:20;11.6;07:20;20.3;34;00:30;15;11:30;0;0;0;0;0
2755X;2014-07-31;33.4;17:50;13.8;06:30;23.6;32;17:20;13;17:30;0;0;0;0;0
2755X;2014-08-01;29.2;16:00;15.9;07:30;22.6;37;17:50;18;17:10;0;0;0;0;0
2755X;2014-08-02;24.6;18:00;12.8;07:30;18.7;42;21:20;19;18:40;0.2;0;0;0;0.2
2755X;2014-08-03;25.9;19:30;12.9;07:40;19.4;34;19:10;17;19:10;0.2;0;0;0.2;0
2755X;2014-08-04;28.9;18:10;12.1;07:40;20.5;32;23:40;16;23:50;0;0;0;0;0
2755X;2014-08-05;30.0;19:00;13.8;07:30;21.9;30;15:40;15;00:20;0;0;0;0;0
2755X;2014-08-06;30.9;17:20;14.5;07:30;22.7;36;20:20;18;20:20;0;0;0;0;0
2755X;2014-08-07;31.9;18:50;15.5;07:10;23.7;28;23:30;14;22:40;0;0;0;0;0
2755X;2014-08-08;30.1;17:00;16.1;07:00;23.1;42;18:10;16;16:30;0;0;0;0;0
2755X;2014-08-09;28.8;16:30;15.9;08:10;22.3;39;19:00;17;16:50;0;0;0;0;0
2755X;2014-08-10;28.7;16:30;14.6;07:30;21.7;40;16:40;19;16:30;0;0;0;0;0
2755X;2014-08-11;30.3;19:00;15.3;07:40;22.8;30;23:59;15;23:59;0;0;0;0;0
2755X;2014-08-12;27.5;15:50;13.0;07:40;20.3;45;17:40;21;17:40;0;0;0;0;0
2755X;2014-08-13;23.7;17:10;11.3;07:10;17.5;46;04:20;22;04:10;0;0;0;0;0
2755X;2014-08-14;25.2;20:20;8.7;07:40;17;36;23:20;16;23:50;0;0;0;0;0
2755X;2014-08-15;26.9;17:40;10.5;07:00;18.7;39;22:00;19;22:00;0;0;0;0;0
2755X;2014-08-16;24.5;17:50;10.7;07:40;17.6;29;10:20;17;10:40;0;0;0;0;0
2755X;2014-08-17;31.7;18:40;10.0;07:00;20.9;27;00:30;12;00:20;0;0;0;0;0
2755X;2014-08-18;32.0;18:00;13.7;06:30;22.8;38;20:30;19;20:30;0;0;0;0;0
2755X;2014-08-19;29.7;19:10;11.8;07:00;20.8;38;22:10;18;22:10;0;0;0;0;0
2755X;2014-08-20;27.6;17:00;11.6;07:50;19.6;27;15:20;13;21:20;0;0;0;0;0
2755X;2014-08-21;27.8;19:20;11.2;07:40;19.5;32;23:50;15;23:50;0;0;0;0;0
2755X;2014-08-22;24.1;18:10;14.8;08:50;19.5;32;00:10;15;00:20;0.2;0;0.2;0;0
2755X;2014-08-23;27.3;18:00;11.0;07:50;19.1;26;00:40;15;09:40;0;0;0;0;0
2755X;2014-08-24;31.6;18:30;11.2;08:00;21.4;33;17:30;15;19:00;0;0;0;0;0
2755X;2014-08-25;32.7;16:50;11.0;07:50;21.9;42;18:30;19;16:10;0;0;0;0;0
2755X;2014-08-26;28.8;16:00;17.0;07:50;22.9;49;16:10;23;14:50;0;0;0;0;0
2755X;2014-08-27;32.3;17:00;15.6;08:00;23.9;36;18:00;15;17:10;0;0;0;0;0
2755X;2014-08-28;30.4;17:10;14.0;05:40;22.2;37;23:30;17;17:00;0;0;0;0;0
2755X;2014-08-29;28.4;17:40;14.5;05:50;21.4;34;00:50;15;00:50;0;0;0;0;0
2755X;2014-08-30;28.8;18:50;12.8;06:40;20.8;27;01:00;12;00:10;0;0;0;0;0
2755X;2014-08-31;31.4;18:40;12.4;07:20;21.9;24;12:50;13;23:10;0;0;0;0;0
2755X;2014-09-01;32.1;17:10;12.5;07:50;22.3;23;02:00;13;02:00;0;0;0;0;0
2755X;2014-09-02;34.4;17:30;12.9;08:00;23.7;60;22:00;19;21:50;0;0;0;0;0
2755X;2014-09-03;31.6;16:20;17.4;08:20;24.5;33;17:20;17;17:20;0;0;0;0;0
2755X;2014-09-04;30.0;18:20;14.1;07:40;22.1;24;15:30;10;19:00;0;0;0;0;0
2755X;2014-09-05;30.8;18:10;14.2;08:10;22.5;24;18:00;12;01:10;0;0;0;0;0
2755X;2014-09-06;28.0;17:10;15.8;06:40;21.9;32;15:00;15;15:00;0;0;0;0;0
2755X;2014-09-08;24.7;16:30;12.6;08:20;18.7;30;16:40;14;16:50;1.4;1.2;0;0.2;0
2755X;2014-09-09;28.3;17:20;12.8;08:10;20.5;21;17:20;10;17:50;0;0;0;0;0
2755X;2014-09-10;29.0;16:30;13.2;08:20;21.1;29;14:40;11;16:20;0;0;0;0;0
2755X;2014-09-11;27.2;18:40;16.9;04:50;22.1;30;15:30;13;14:10;0;0;0;0;0
2755X;2014-09-12;27.6;18:00;13.3;08:10;20.5;30;15:00;13;15:50;0;0;0;0;0
2755X;2014-09-13;28.3;18:50;15.3;06:50;21.8;33;05:30;16;20:10;0;0;0;0;0
2755X;2014-09-14;25.2;15:10;14.1;08:20;19.7;45;16:30;21;16:30;0;0;0;0;0
2755X;2014-09-15;22.8;16:40;13.5;07:40;18.1;30;01:50;15;01:50;0;0;0;0;0
2755X;2014-09-16;24.4;15:10;14.6;08:20;19.5;55;18:40;28;18:40;0;0;0;0;0
2755X;2014-09-17;22.0;18:00;13.1;22:50;17.6;55;18:40;25;18:30;0;0;0;0;0
2755X;2014-09-18;22.6;17:20;11.8;05:00;17.2;47;16:10;22;15:20;0.2;0;0.2;0;0
2755X;2014-09-19;20.3;17:10;13.9;03:20;17.1;33;15:20;17;13:50;0;0;0;0;0
2755X;2014-09-20;23.7;18:10;12.0;06:10;17.9;26;13:20;12;13:20;0;0;0;0;0
2755X;2014-09-21;25.9;18:00;9.9;07:30;17.9;30;22:40;12;16:40;0.2;0;0;0;0.2
2755X;2014-09-22;23.2;16:40;14.5;05:30;18.9;32;03:20;16;03:20;0;0;0;0;0
2755X;2014-09-23;22.4;16:30;13.1;06:30;17.8;28;12:00;15;12:00;0.6;0.2;0.2;0.2;0
2755X;2014-09-24;20.8;18:20;11.2;08:10;16;29;16:40;12;10:30;0.2;0;0.2;0;0
2755X;2014-09-25;21.7;17:50;6.9;08:30;14.3;32;14:20;16;14:10;0;0;0;0;0
2755X;2014-09-26;23.1;17:30;7.4;08:10;15.3;22;00:10;10;00:10;0;0;0;0;0
2755X;2014-09-27;25.1;16:10;7.6;07:20;16.4;49;18:00;21;18:10;0;0;0;0;0
2755X;2014-09-28;22.8;17:00;14.2;07:10;18.5;28;17:00;13;17:10;0;0;0;0;0
2755X;2014-09-29;23.1;15:50;9.6;08:20;16.4;20;05:10;11;04:40;0;0;0;0;0
2755X;2014-09-30;23.9;17:20;10.9;08:20;17.4;24;01:50;12;01:50;0.2;0;0.2;0;0
2755X;2014-10-01;25.1;17:10;10.4;08:40;17.8;25;17:00;11;12:50;0;0;0;0;0
2755X;2014-10-02;25.8;17:30;11.4;08:50;18.6;26;00:30;11;00:20;0;0;0;0;0
2755X;2014-10-03;26.1;17:50;10.5;08:20;18.3;20;23:50;12;23:40;0;0;0;0;0
2755X;2014-10-04;24.9;17:00;10.8;08:20;17.8;29;21:40;14;20:40;0;0;0;0;0
2755X;2014-10-05;21.4;18:50;10.5;07:30;15.9;30;12:00;15;12:50;0;0;0;0;0
2755X;2014-10-06;20.9;14:40;8.3;07:30;14.6;36;16:50;18;16:40;0;0;0;0;0
2755X;2014-10-07;20.2;16:20;12.5;08:00;16.4;36;15:40;19;12:00;0;0;0;0;0
2755X;2014-10-08;18.3;17:40;15.9;23:59;17.1;49;18:00;23;18:30;12.8;7;1.2;4.6;0
2755X;2014-10-09;20.1;15:50;12.6;23:59;16.4;41;03:10;18;03:10;0.6;0.6;0;0;0
2755X;2014-10-10;19.8;17:40;10.3;08:50;15;26;16:40;12;16:30;0;0;0;0;0
2755X;2014-10-11;19.9;17:10;8.3;08:50;14.1;27;16:40;13;16:20;0.6;0;0;0;0.6
2755X;2014-10-12;16.2;16:00;11.0;08:40;13.6;41;17:10;18;08:10;7.2;1;1.2;3.8;1.2
2755X;2014-10-13;15.0;13:40;9.9;05:30;12.4;40;15:30;19;18:20;3.8;0;0;0.2;3.6
2755X;2014-10-14;17.4;17:00;8.8;09:10;13.1;29;18:30;14;18:10;0.2;0.2;0;0;0
2755X;2014-10-15;17.3;16:50;10.7;00:00;14;43;18:50;21;20:00;4.2;0;1;0.6;2.6
2755X;2014-10-16;20.6;16:40;15.7;08:00;18.2;64;15:50;31;12:10;8.4;4;4.4;0;0
2755X;2014-10-17;21.4;15:50;13.3;08:50;17.3;49;15:20;22;15:30;0;0;0;0;0
2755X;2014-10-18;24.7;17:10;10.6;09:00;17.7;35;16:50;17;15:20;0;0;0;0;0
2755X;2014-10-19;25.0;16:50;10.8;09:00;17.9;18;13:30;9;11:00;0;0;0;0;0
2755X;2014-10-20;26.3;17:10;9.9;07:40;18.1;15;01:30;7;02:40;0;0;0;0;0
2755X;2014-10-21;28.6;16:40;10.2;09:10;19.4;22;17:20;12;23:40;0;0;0;0;0
2755X;2014-10-22;22.0;17:50;9.0;08:50;15.5;17;13:10;8;00:10;0;0;0;0;0
2755X;2014-10-23;22.9;17:20;6.5;08:50;14.7;12;15:40;6;03:30;0;0;0;0;0
2755X;2014-10-24;23.7;16:00;10.0;07:30;16.9;14;06:40;7;03:10;0;0;0;0;0
2755X;2014-10-25;25.3;16:40;8.5;08:40;16.9;18;09:20;9;11:00;0;0;0;0;0
2755X;2014-10-26;25.8;16:20;8.7;07:50;17.2;15;14:50;8;09:40;;;0;0;0
2755X;2014-10-27;23.9;16:10;6.6;06:50;15.2;17;15:10;8;01:00;0;0;0;0;0
2755X;2014-10-28;23.2;15:50;6.3;07:20;14.8;16;12:50;8;10:20;0;0;0;0;0
2755X;2014-10-29;24.3;15:30;10.0;07:10;17.1;16;16:50;8;07:40;0;0;0;0;0
2755X;2014-10-30;24.2;17:00;6.7;08:00;15.5;13;08:10;6;08:10;0;0;0;0;0
2755X;2014-10-31;23.6;16:20;5.6;07:50;14.6;19;15:40;9;15:30;0;0;0;0;0
2755X;2014-11-01;20.3;16:10;9.9;04:00;15.1;27;17:10;14;17:10;0;0;0;0;0
2755X;2014-11-02;18.1;16:10;8.2;23:59;13.2;32;13:20;17;13:30;0;0;0;0;0
2755X;2014-11-03;12.5;12:00;7.9;00:30;10.2;60;19:10;27;19:40;11.8;0;0;5.2;6.6
2755X;2014-11-04;11.0;15:00;3.7;06:50;7.4;46;15:30;23;15:30;0;0;0;0;0
2755X;2014-11-05;13.3;14:40;2.3;08:00;7.8;38;14:00;18;12:50;0;0;0;0;0
2755X;2014-11-06;12.9;14:50;2.9;00:50;7.9;33;18:40;18;18:40;0.2;0;0;0;0.2
2755X;2014-11-07;15.7;16:00;6.3;23:59;11;38;03:40;16;01:40;2.4;2.4;0;0;0
2755X;2014-11-08;9.9;15:00;4.3;02:30;7.1;46;16:40;18;16:30;4.8;0;0.2;4.6;0
2755X;2014-11-09;11.6;16:20;2.5;06:20;7.1;30;14:10;16;14:10;0;0;0;0;0
2755X;2014-11-10;7.4;16:00;-1.3;08:20;3.1;27;18:50;14;18:30;7.6;0;0;0.8;6.8
2755X;2014-11-11;12.9;15:40;6.7;00:00;9.8;45;14:00;22;14:00;3.8;1.2;2.6;0;0
2755X;2014-11-12;13.1;15:40;6.8;02:10;10;42;16:00;21;15:50;1;0;0.4;0.6;0
2755X;2014-11-13;15.8;15:40;9.6;03:00;12.7;48;16:20;23;16:50;8.2;0.6;1.4;2.6;3.6
2755X;2014-11-14;12.6;00:20;6.6;21:20;9.6;39;01:20;17;01:20;2.6;0.4;0;2.2;0
2755X;2014-11-15;10.6;16:30;6.0;05:40;8.3;56;12:20;28;12:40;2.6;0;0;2.6;0
2755X;2014-11-16;11.4;13:50;5.3;01:30;8.3;50;12:50;23;13:00;0;0;0;0;0
2755X;2014-11-17;13.1;15:20;2.6;23:40;7.9;38;00:40;17;00:40;0.2;0.2;0;0;0
2755X;2014-11-18;9.8;16:00;0.1;06:50;5;25;14:20;12;14:30;0;0;0;0;0
2755X;2014-11-19;9.1;21:10;7.3;02:50;8.2;20;15:30;12;15:30;13.6;0.2;1.8;9.2;2.4
2755X;2014-11-20;16.4;15:00;7.2;07:40;11.8;28;19:50;15;19:50;0;0;0;0;0
2755X;2014-11-21;16.5;15:10;6.2;08:20;11.3;17;22:30;9;07:00;0;0;0;0;0
2755X;2014-11-22;17.5;15:00;6.3;07:40;11.9;18;22:30;9;22:30;0;0;0;0;0
2755X;2014-11-23;12.5;16:30;9.2;23:59;10.8;19;22:10;11;22:00;9.6;0;4.8;4.8;0
2755X;2014-11-24;15.3;14:40;8.5;02:50;11.9;27;12:00;14;11:50;0;0;0;0;0
2755X;2014-11-25;14.7;16:00;7.1;21:30;10.9;27;17:10;15;16:40;0;0;0;0;0
2755X;2014-11-26;10.4;14:00;6.0;23:59;8.2;15;15:10;6;15:00;0;0;0;0;0
2755X;2014-11-27;11.2;16:20;3.0;05:50;7.1;31;19:20;13;18:30;0.4;0;0;0.4;0
2755X;2014-11-28;11.6;13:50;6.1;21:30;8.9;49;11:20;22;13:30;1.2;0;1.2;0;0
2755X;2014-11-29;11.4;15:00;6.0;04:00;8.7;49;15:20;24;14:10;2;0.8;0;0.6;0.6
2755X;2014-11-30;16.5;15:50;9.2;03:30;12.8;43;16:20;23;22:00;2.2;0.4;1.4;0.4;0
2755X;2014-12-01;15.3;14:30;5.7;09:00;10.5;42;12:30;23;15:20;0;0;0;0;0
2755X;2014-12-02;13.5;13:30;3.2;04:40;8.4;37;16:40;19;16:30;0;0;0;0;0
2755X;2014-12-03;9.3;14:00;3.1;08:10;6.2;16;14:10;8;09:20;0;0;0;0;0
2755X;2014-12-04;9.7;16:40;2.8;23:59;6.2;19;21:10;10;21:20;0;0;0;0;0
2755X;2014-12-05;11.1;15:40;-0.4;08:20;5.4;30;15:40;15;15:50;0;0;0;0;0
2755X;2014-12-06;9.8;14:50;-1.0;05:20;4.4;35;16:20;18;14:50;0;0;0;0;0
2755X;2014-12-07;11.9;15:10;-1.4;07:50;5.2;24;13:20;13;15:30;0;0;0;0;0
2755X;2014-12-08;13.3;15:00;-1.4;08:50;6;38;15:20;22;15:20;0;0;0;0;0
2755X;2014-12-09;11.4;14:50;0.3;23:59;5.8;38;12:20;19;12:30;0;0;0;0;0
2755X;2014-12-10;11.5;16:00;-2.3;09:10;4.6;18;13:40;9;13:40;0;0;0;0;0
2755X;2014-12-11;4.0;14:00;-2.6;08:10;0.7;17;14:50;9;14:20;0;0;0;0;0
2755X;2014-12-12;7.0;16:30;0.5;07:00;3.8;43;21:10;25;21:30;0;0;0;0;0
2755X;2014-12-13;8.1;14:20;5.3;00:00;6.7;38;01:10;16;01:50;19.2;0.4;2.4;9.6;6.8
2755X;2014-12-14;9.4;15:40;6.2;02:40;7.8;26;13:00;13;16:10;0.4;0.2;0;0.2;0
2755X;2014-12-15;9.8;15:40;-0.1;08:00;4.9;18;00:10;10;00:10;0;0;0;0;0
2755X;2014-12-16;14.9;14:50;5.9;02:00;10.4;41;20:10;21;20:20;0.8;0.8;0;0;0
2755X;2014-12-17;13.6;15:50;2.2;04:20;7.9;13;16:20;7;21:00;0;0;0;0;0
2755X;2014-12-18;6.8;15:10;2.6;23:59;4.7;17;04:40;8;00:20;0;0;0;0;0
2755X;2014-12-19;2.6;00:00;-0.1;23:00;1.2;13;00:20;6;00:30;0;0;0;0;0
2755X;2014-12-20;3.5;16:30;0.0;07:50;1.8;13;22:30;7;22:20;0;0;0;0;0
2755X;2014-12-21;6.0;15:20;2.0;06:00;4;14;04:10;8;05:30;0;0;0;0;0
2755X;2014-12-22;4.0;16:20;-0.8;23:59;1.6;13;05:30;8;05:30;0;0;0;0;0
2755X;2014-12-23;2.5;23:40;-3.4;07:20;-0.5;14;20:50;7;20:40;0;0;0;0;0
2755X;2014-12-24;4.4;16:40;1.6;07:00;3;12;15:40;6;14:20;0;0;0;0;0
2755X;2014-12-25;7.6;16:10;1.0;23:50;4.3;14;10:00;7;03:50;0;0;0;0;0
2755X;2014-12-26;7.8;13:30;-1.6;05:10;3.1;16;15:50;9;15:50;0;0;0;0;0
2755X;2014-12-27;10.4;17:00;-0.8;06:40;4.8;38;17:00;19;17:10;0;0;0;0;0
2755X;2014-12-28;10.1;13:00;-1.8;23:59;4.2;47;08:50;21;08:50;0;0;0;0;0
2755X;2014-12-29;5.6;14:50;-5.2;08:30;0.2;35;13:10;20;13:00;0;0;0;0;0
2755X;2014-12-30;8.2;15:50;-5.6;07:20;1.3;23;12:50;13;12:50;0;0;0;0;0
2755X;2014-12-31;10.8;15:50;-4.5;09:20;3.2;18;03:30;8;03:20;0;0;0;0;0
2755X;2015-01-01;12.1;16:10;-4.9;08:30;3.6;13;07:00;7;10:30;0;0;0;0;0
2755X;2015-01-02;9.3;16:10;-4.1;08:10;2.6;17;12:30;10;12:30;0;0;0;0;0
2755X;2015-01-03;11.3;16:50;-3.7;08:30;3.8;14;15:40;7;18:00;0;0;0;0;0
2755X;2015-01-04;12.3;16:30;-3.8;08:30;4.3;15;23:59;8;11:20;0;0;0;0;0
2755X;2015-01-05;6.1;13:20;-2.8;07:00;1.6;18;13:50;9;13:50;0;0;0;0;0
2755X;2015-01-06;0.9;23:50;-3.1;06:00;-1.1;16;21:10;8;20:30;0;0;0;0;0
2755X;2015-01-07;1.1;00:30;-0.8;10:10;0.2;15;04:00;8;03:40;0;0;0;0;0
2755X;2015-01-08;0.7;17:30;-2.5;09:50;-0.9;22;15:10;9;15:00;0;0;0;0;0
2755X;2015-01-09;1.2;16:50;-2.3;08:30;-0.5;12;15:10;7;03:50;0;0;0;0;0
2755X;2015-01-10;0.6;16:10;-3.1;07:00;-1.2;15;00:50;7;00:30;0;0;0;0;0
2755X;2015-01-11;8.8;16:50;-2.1;04:20;3.4;15;12:10;8;12:10;0;0;0;0;0
2755X;2015-01-12;3.2;15:10;-2.4;01:20;0.4;13;17:00;7;17:30;0;0;0;0;0
2755X;2015-01-13;7.4;15:40;-1.5;09:50;3;33;15:10;17;15:10;0;0;0;0;0
2755X;2015-01-14;9.0;16:20;-0.2;08:40;4.4;32;13:50;18;13:50;0;0;0;0;0
2755X;2015-01-15;8.2;14:40;4.1;00:00;6.1;49;06:00;24;05:30;5;0;0;4;1
2755X;2015-01-16;7.7;16:50;-0.7;23:00;3.5;37;12:40;19;12:40;0;0;0;0;0
2755X;2015-01-17;7.3;14:00;-2.0;02:00;2.7;32;14:00;17;16:20;0;0;0;0;0
2755X;2015-01-18;4.0;16:00;0.4;02:40;2.2;35;22:30;19;22:50;2.8;1.2;0;0.2;1.4
2755X;2015-01-19;7.3;15:20;-1.2;08:50;3.1;40;00:30;21;00:30;0;0;0;0;0
2755X;2015-01-20;7.0;17:20;-0.6;06:20;3.2;24;21:00;13;21:20;0.2;0;0.2;0;0
2755X;2015-01-21;8.3;14:30;-0.2;06:30;4.1;55;16:30;24;13:00;0;0;0;0;0
2755X;2015-01-22;8.8;16:10;0.0;07:40;4.4;37;12:50;20;13:30;0;0;0;0;0
2755X;2015-01-23;9.4;16:30;-2.4;06:50;3.5;21;15:20;12;16:20;0;0;0;0;0
2755X;2015-01-24;11.4;16:40;-4.0;05:20;3.7;15;17:10;8;17:10;0;0;0;0;0
2755X;2015-01-25;8.9;16:50;-3.6;07:00;2.6;20;14:40;7;14:40;0;0;0;0;0
2755X;2015-01-26;8.7;16:20;-4.1;06:30;2.3;15;12:20;7;12:20;0;0;0;0;0
2755X;2015-01-27;11.8;16:30;-3.4;07:20;4.2;17;17:40;9;17:40;0;0;0;0;0
2755X;2015-01-28;6.7;16:00;-2.2;05:00;2.2;20;16:50;11;17:10;0;0;0;0;0
2755X;2015-01-29;11.2;16:20;-1.3;06:10;4.9;50;15:50;25;14:40;0.8;0;0;0.4;0.4
2755X;2015-01-30;14.3;12:30;8.0;23:59;11.2;57;11:50;25;11:50;6.2;0;0;0.4;5.8
2755X;2015-01-31;8.1;00:30;1.2;22:50;4.7;60;14:20;31;14:20;1.2;1.2;0;0;0
2755X;2015-02-01;7.6;14:20;-0.2;08:40;3.7;55;13:10;25;13:40;0;0;0;0;0
2755X;2015-02-02;;;;;;;;;;;0;1.4;0;
2755X;2015-02-03;;;;;;;;;;;0;0;0;
2755X;2015-02-04;4.5;14:50;-1.6;07:00;1.4;62;16:10;33;16:10;0;0;0;0;0
2755X;2015-02-05;6.2;14:10;-2.6;08:10;1.8;39;12:20;22;13:10;0;0;0;0;0
2755X;2015-02-06;5.3;14:20;-1.8;08:30;1.8;33;14:30;18;00:50;0;0;0;0;0
2755X;2015-02-07;;;;;;;;;;;0;;;
2755X;2015-02-08;;;;;;;;;;;0;0;;
2755X;2015-02-09;;;;;;;;;;;;;;
2755X;2015-02-10;9.6;17:10;-3.7;07:10;3;25;14:00;13;11:00;0;0;0;0;0
2755X;2015-02-11;;;;;;;;;;;0;0;0;
2755X;2015-02-12;9.2;14:20;-0.1;03:40;4.5;19;19:50;9;19:50;0;0;0;0;0
2755X;2015-02-13;;;;;;;;;;;;;;
2755X;2015-02-14;;;;;;;;;;;;0;0;0
2755X;2015-02-15;15.3;15:40;5.5;08:50;10.4;42;15:10;21;14:40;0;0;0;0;0
2755X;2015-02-16;11.4;14:30;1.4;07:50;6.4;35;23:40;19;23:40;0;0;0;0;0
2755X;2015-02-17;9.8;13:50;-1.5;23:59;4.2;50;14:30;26;13:40;0;0;0;0;0
2755X;2015-02-18;8.5;15:00;-4.5;06:50;2;48;13:20;28;13:00;0;0;0;0;0
2755X;2015-02-19;12.7;16:10;-3.4;08:00;4.6;21;02:20;12;02:50;0;0;0;0;0
2755X;2015-02-20;7.9;16:00;0.8;03:20;4.4;38;16:20;21;17:20;0.8;0;0;0.8;0
2755X;2015-02-21;11.5;16:00;2.2;23:40;6.9;57;16:10;27;16:10;0;0;0;0;0
2755X;2015-02-22;14.9;16:00;1.5;05:40;8.2;37;17:00;20;17:50;0;0;0;0;0
2755X;2015-02-23;14.2;15:30;2.6;23:50;8.4;67;16:30;31;16:40;0;0;0;0;0
2755X;2015-02-24;10.7;15:10;-0.2;05:10;5.2;62;15:20;30;16:10;0;0;0;0;0
2755X;2015-02-25;14.6;14:50;1.2;03:30;7.9;48;18:30;25;16:40;0;0;0;0;0
2755X;2015-02-26;15.3;15:20;5.8;08:40;10.6;45;11:50;21;12:30;0;0;0;0;0
2755X;2015-02-27;14.8;17:40;3.2;08:10;9;30;22:50;15;17:00;0;0;0;0;0
2755X;2015-02-28;15.8;14:10;2.0;07:50;8.9;29;19:20;15;19:20;0;0;0;0;0
2755X;2015-03-01;15.7;13:40;8.5;08:10;12.1;45;16:10;21;17:10;0;0;0;0;0
2755X;2015-03-02;17.1;16:00;10.5;07:10;13.8;49;08:00;24;01:40;0;0;0;0;0
2755X;2015-03-03;18.0;15:50;8.8;08:10;13.4;40;11:10;21;11:10;0;0;0;0;0
2755X;2015-03-04;13.1;16:00;1.3;23:59;7.2;36;17:10;21;17:50;0;0;0;0;0
2755X;2015-03-05;11.7;17:00;-3.4;08:00;4.1;41;15:00;21;16:30;0;0;0;0;0
2755X;2015-03-06;19.1;17:40;-2.6;07:50;8.3;29;01:00;17;01:00;0;0;0;0;0
2755X;2015-03-07;21.2;16:50;-1.3;06:00;10;17;14:50;10;07:30;0;0;0;0;0
2755X;2015-03-08;22.3;17:20;0.5;05:00;11.4;29;15:50;10;15:50;0;0;0;0;0
2755X;2015-03-09;22.1;16:30;-0.9;08:20;10.6;18;01:40;10;01:30;0;0;0;0;0
2755X;2015-03-10;22.2;16:20;0.7;06:20;11.5;21;17:00;10;18:00;0;0;0;0;0
2755X;2015-03-11;21.5;17:30;0.8;07:50;11.2;18;15:10;7;13:10;0;0;0;0;0
2755X;2015-03-12;20.9;16:00;1.8;07:20;11.3;40;22:50;22;23:00;;0;;0;0
2755X;2015-03-13;16.2;16:50;4.1;04:00;10.2;42;20:50;22;20:40;0;0;0;0;0
2755X;2015-03-14;12.3;16:40;-2.0;07:50;5.2;40;17:50;21;17:00;0;0;0;0;0
2755X;2015-03-15;10.0;16:40;-2.3;05:10;3.9;27;22:40;13;22:20;0;0;0;0;0
2755X;2015-03-16;11.3;16:40;-1.5;08:00;4.9;22;18:10;9;18:20;0;0;0;0;0
2755X;2015-03-17;13.1;16:20;-0.2;04:50;6.5;24;16:50;13;18:20;0;0;0;0;0
2755X;2015-03-18;10.8;14:20;6.1;05:20;8.5;47;16:10;23;11:40;0.2;0;0;0.2;0
2755X;2015-03-19;13.2;17:10;6.3;03:40;9.8;53;17:40;27;18:30;0.6;0.2;0.4;0;0
2755X;2015-03-20;14.5;16:20;4.8;23:10;9.7;68;13:50;34;12:40;0;0;0;0;0
2755X;2015-03-21;11.6;17:00;3.5;04:10;7.6;42;03:40;22;19:20;;2.2;0.2;0;
2755X;2015-03-22;;;;;;;;;;;0;;0;
2755X;2015-03-23;8.1;13:30;-1.3;07:30;3.4;45;20:20;27;20:20;2.4;0;0;0;2.4
2755X;2015-03-24;13.7;14:20;0.9;23:59;7.3;53;01:30;28;01:00;1.8;1.8;0;0;0
2755X;2015-03-25;12.2;15:50;0.1;01:50;6.1;45;13:40;25;16:40;0;0;0;0;0
2755X;2015-03-26;17.3;15:00;1.3;03:20;9.3;50;18:20;27;17:30;0;0;0;0;0
2755X;2015-03-27;22.2;16:10;8.3;05:40;15.3;38;08:20;21;09:40;0;0;0;0;0
2755X;2015-03-28;24.2;16:30;2.6;07:00;13.4;44;17:30;20;17:00;0;0;0;0;0
2755X;2015-03-29;22.7;17:50;5.7;08:40;14.2;32;05:20;17;19:00;0;0;0;0;0
2755X;2015-03-30;25.9;18:10;8.3;08:50;17.1;33;17:30;17;22:30;0;0;0;0;0
2755X;2015-03-31;25.8;17:20;3.6;08:20;14.7;35;21:40;16;16:00;0;0;0;0;0
2755X;2015-04-01;18.6;18:40;3.1;08:00;10.9;30;14:00;14;20:40;0;0;0;0;0
2755X;2015-04-02;22.6;17:40;1.3;08:00;12;23;23:20;11;23:40;0;0;0;0;0
2755X;2015-04-03;23.8;17:40;4.4;08:30;14.1;26;23:00;16;23:00;0;0;0;0;0
2755X;2015-04-04;16.3;17:30;1.8;07:50;9;44;14:30;20;11:00;0;0;0;0;0
2755X;2015-04-05;20.2;17:40;0.7;07:50;10.5;28;10:20;17;10:20;0;0;0;0;0
2755X;2015-04-06;21.1;18:10;3.1;08:00;12.1;35;23:20;17;23:59;0;0;0;0;0
2755X;2015-04-07;;;;;;;;;;;0;0;;
2755X;2015-04-08;18.3;16:30;3.0;07:40;10.6;53;22:10;24;22:20;;0;0;0;
2755X;2015-04-09;13.0;14:00;7.8;20:00;10.4;33;15:00;16;14:50;10.4;0;0;3.6;6.8
2755X;2015-04-10;16.1;16:30;7.8;02:30;12;41;17:50;17;18:00;;2.6;0;1;
2755X;2015-04-11;17.6;18:40;5.7;07:00;11.7;20;18:30;10;18:30;0;0;0;0;0
2755X;2015-04-12;;;;;;;;;;;0;0;0;
2755X;2015-04-13;23.7;18:20;7.4;07:50;15.6;54;18:20;24;15:40;0;0;0;0;0
2755X;2015-04-14;24.8;17:00;7.6;06:10;16.2;48;17:30;22;17:30;0;0;0;0;0
2755X;2015-04-15;17.6;00:00;9.2;23:59;13.4;46;07:50;20;07:50;7;0;4;2.8;0.2
2755X;2015-04-16;15.4;14:10;7.9;07:30;11.6;39;15:00;19;16:00;0;0;0;0;0
2755X;2015-04-17;16.4;15:50;9.9;08:10;13.1;41;15:10;17;15:00;0;0;0;0;0
2755X;2015-04-18;14.1;14:10;6.1;08:00;10.1;43;16:00;19;16:00;1.2;0;0;1;0.2
2755X;2015-04-19;18.0;17:10;3.2;08:10;10.6;31;14:50;12;15:40;0;0;0;0;0
2755X;2015-04-20;20.6;18:20;4.4;06:20;12.5;26;01:50;11;01:50;0;0;0;0;0
2755X;2015-04-21;22.7;16:40;8.1;07:50;15.4;36;15:10;17;01:40;0;0;0;0;0
2755X;2015-04-22;17.0;17:20;9.0;06:50;13;41;18:10;13;18:10;6.8;0;0;4.6;2.2
2755X;2015-04-23;21.4;19:20;5.2;07:50;13.3;26;20:10;13;20:10;0;0;0;0;0
2755X;2015-04-24;17.0;14:40;10.2;07:50;13.6;38;18:30;17;18:40;1.2;0;0;0;1.2
2755X;2015-04-25;18.4;16:40;9.7;04:40;14;42;15:20;20;14:30;4.4;0;0;0.2;4.2
2755X;2015-04-26;17.8;18:20;10.1;02:40;13.9;45;15:20;19;18:40;5.8;2.6;0.2;0;3
2755X;2015-04-27;16.7;15:10;6.6;07:30;11.7;35;19:30;18;19:30;2;0.2;0;0.4;1.4
2755X;2015-04-28;15.2;17:40;6.2;07:50;10.7;21;10:40;11;11:00;0;0;0;0;0
2755X;2015-04-29;19.6;18:30;8.0;07:00;13.8;34;19:30;16;20:40;0;0;0;0;0
2755X;2015-04-30;20.1;18:00;8.2;06:40;14.2;46;17:10;21;18:10;0;0;0;0;0
2755X;2015-05-01;18.3;16:10;12.4;08:40;15.3;42;13:10;23;13:00;0.2;0;0.2;0;0
2755X;2015-05-02;23.8;17:00;14.3;03:30;19;49;15:50;24;15:50;0.2;0.2;0;0;0
2755X;2015-05-03;17.2;00:00;13.8;07:50;15.5;39;16:00;21;16:00;0.6;0;0.2;0;0.4
2755X;2015-05-04;18.8;19:00;12.5;23:59;15.6;76;19:00;36;19:00;0.6;0.2;0.2;0.2;0
2755X;2015-05-05;16.2;17:10;7.9;07:30;12.1;62;00:10;32;00:10;;0;;0;0
2755X;2015-05-06;18.7;18:20;2.6;07:30;10.7;30;12:20;14;17:40;0;0;0;0;0
2755X;2015-05-07;25.1;17:00;8.3;07:10;16.7;50;16:30;23;16:30;0;0;0;0;0
2755X;2015-05-08;22.0;17:40;12.1;06:20;17.1;48;01:20;22;01:20;0;0;0;0;0
2755X;2015-05-09;24.9;18:00;7.3;07:40;16.1;22;00:20;12;00:20;0;0;0;0;0
2755X;2015-05-10;28.8;19:00;11.1;07:30;19.9;44;15:50;17;16:30;0;0;0;0;0
2755X;2015-05-11;30.7;18:10;12.3;06:30;21.5;33;15:20;15;16:40;0;0;0;0;0
2755X;2015-05-12;31.5;18:10;12.3;07:30;21.9;39;16:00;17;15:00;0;0;0;0;0
2755X;2015-05-13;29.6;15:20;12.1;07:10;20.9;47;13:00;23;12:30;0;0;0;0;0
2755X;2015-05-14;21.9;17:50;9.9;23:59;15.9;54;19:20;24;19:20;0;0;0;0;0
2755X;2015-05-15;21.0;17:00;5.9;06:40;13.5;43;15:20;21;02:30;0;0;0;0;0
2755X;2015-05-16;25.1;18:10;5.9;07:00;15.5;39;20:30;19;20:00;0;0;0;0;0
2755X;2015-05-17;26.3;18:00;8.6;07:20;17.4;33;14:20;15;09:30;0;0;0;0;0
2755X;2015-05-18;29.0;17:50;8.5;07:10;18.8;43;22:30;22;22:40;0;0;0;0;0
2755X;2015-05-19;19.6;17:30;7.3;07:00;13.5;41;14:20;23;20:20;0;0;0;0;0
2755X;2015-05-20;17.7;15:40;4.2;07:10;11;42;20:40;21;20:10;0;0;0;0;0
2755X;2015-05-21;19.8;18:50;3.2;06:50;11.5;36;20:50;19;20:50;0;0;0;0;0
2755X;2015-05-22;18.9;16:20;4.7;05:30;11.8;40;13:40;20;12:30;0;0;0;0;0
2755X;2015-05-23;21.6;17:50;4.4;06:50;13;38;16:00;19;15:30;0;0;0;0;0
2755X;2015-05-24;20.6;17:30;7.5;07:10;14.1;49;17:50;26;15:50;0;0;0;0;0
2755X;2015-05-25;25.3;18:10;9.1;06:30;17.2;42;10:20;20;12:00;0;0;0;0;0
2755X;2015-05-26;26.3;18:20;7.1;06:50;16.7;34;20:00;17;20:20;0;0;0;0;0
2755X;2015-05-27;25.9;18:30;8.4;06:50;17.1;33;09:00;17;12:10;0;0;0;0;0
2755X;2015-05-28;28.9;18:10;8.8;06:50;18.8;28;23:40;16;23:40;0;0;0;0;0
2755X;2015-05-29;28.6;17:40;11.9;07:00;20.3;41;20:30;23;20:30;0;0;0;0;0
2755X;2015-05-30;27.4;18:10;9.5;07:10;18.4;37;20:40;18;20:30;0;0;0;0;0
2755X;2015-05-31;26.8;17:30;10.7;06:30;18.7;33;22:50;15;22:50;0;0;0;0;0
2755X;2015-06-01;27.2;18:50;12.3;07:10;19.8;37;14:30;14;16:40;0;0;0;0;0
2755X;2015-06-02;30.1;18:00;11.1;07:00;20.6;27;18:00;12;23:20;0;0;0;0;0
2755X;2015-06-03;33.0;18:30;13.4;07:00;23.2;35;15:50;12;00:20;0;0;0;0;0
2755X;2015-06-04;33.0;16:50;18.3;07:20;25.6;38;18:00;17;18:30;0;0;0;0;0
2755X;2015-06-05;29.8;17:10;17.4;08:10;23.6;43;20:10;21;19:50;3.8;1.2;2.4;0;0.2
2755X;2015-06-06;31.2;18:30;13.8;07:10;22.5;40;20:40;17;20:40;0;0;0;0;0
2755X;2015-06-07;33.0;18:10;13.3;07:20;23.2;54;19:10;24;19:00;0;0;0;0;0
2755X;2015-06-08;32.5;16:20;17.1;07:00;24.8;53;18:20;28;19:10;0;0;0;0;0
2755X;2015-06-09;29.9;16:40;14.5;06:50;22.2;47;17:40;27;18:10;2.4;0;0;0;2.4
2755X;2015-06-10;15.0;00:00;12.9;10:30;13.9;33;10:40;14;10:40;58.2;3.4;30.2;12.4;12.2
2755X;2015-06-11;22.8;16:40;13.1;05:10;17.9;40;17:50;19;13:20;0;0;0;0;0
2755X;2015-06-12;18.9;17:40;11.7;06:30;15.3;39;17:00;17;16:40;0;0;0;0;0
2755X;2015-06-13;19.3;18:40;10.7;07:40;15;38;17:40;17;21:00;0;0;0;0;0
2755X;2015-06-14;15.1;12:30;10.3;06:50;12.7;22;14:50;11;14:50;8.6;0.4;4.6;3.4;0.2
2755X;2015-06-15;20.1;16:40;11.2;04:30;15.7;40;13:40;21;13:00;2.4;0.2;0;0.8;1.4
2755X;2015-06-16;23.7;18:30;9.8;05:50;16.8;24;21:10;11;17:00;;0;0;0;
2755X;2015-06-17;;;;;;;;;;;0;0;0;
2755X;2015-06-18;28.6;18:40;10.9;07:00;19.8;37;17:30;19;17:20;0;0;0;0;0
2755X;2015-06-19;29.5;18:50;11.5;07:10;20.5;41;21:10;19;21:20;0;0;0;0;0
2755X;2015-06-20;30.0;17:00;11.3;07:00;20.7;31;00:30;14;00:30;0;0;0;0;0
2755X;2015-06-21;32.5;18:30;12.7;07:00;22.6;22;11:40;12;09:50;0;0;0;0;0
2755X;2015-06-22;32.3;17:30;15.0;06:50;23.6;49;22:40;33;22:40;7.6;0;0;0;7.6
2755X;2015-06-23;28.4;17:00;16.3;21:50;22.3;51;20:30;20;19:50;7;0.2;1.2;0;5.6
2755X;2015-06-24;27.8;18:30;11.8;07:00;19.8;21;13:50;9;03:40;0;0;0;0;0
2755X;2015-06-25;31.4;19:00;14.1;07:20;22.8;31;16:30;9;08:40;0;0;0;0;0
2755X;2015-06-26;32.7;18:00;17.7;06:10;25.2;36;15:40;17;16:50;0;0;0;0;0
2755X;2015-06-27;34.0;18:10;14.8;06:40;24.4;28;15:30;12;18:20;0;0;0;0;0
2755X;2015-06-28;;;;;;;;;;;0;0;;
2755X;2015-06-29;;;;;;;;;;;;;;
2755X;2015-06-30;;;;;;;;;;;;0;0;0
2755X;2015-07-01;28.8;14:30;18.6;07:20;23.7;35;13:10;17;13:10;0;0;0;0;0
2755X;2015-07-02;29.1;19:10;15.7;07:00;22.4;33;15:50;15;04:00;0;0;0;0;0
2755X;2015-07-03;32.6;18:00;13.7;07:20;23.1;45;16:50;22;16:20;0;0;0;0;0
2755X;2015-07-04;32.8;17:50;12.0;07:00;22.4;35;17:30;12;16:20;0;0;0;0;0
2755X;2015-07-05;32.2;18:00;17.2;07:20;24.7;27;17:30;13;18:50;0;0;0;0;0
2755X;2015-07-06;36.1;18:10;15.6;07:10;25.8;32;18:00;15;17:00;0;0;0;0;0
2755X;2015-07-07;34.1;17:10;15.4;07:20;24.7;35;17:30;18;17:20;;0;;0;0
2755X;2015-07-08;30.7;18:10;15.2;07:00;23;42;23:00;19;23:00;0;0;0;0;0
2755X;2015-07-09;32.4;18:20;12.0;07:10;22.2;34;02:00;18;02:10;0;0;0;0;0
2755X;2015-07-10;34.6;18:00;14.0;06:50;24.3;40;19:30;21;19:30;0;0;0;0;0
2755X;2015-07-11;31.6;18:20;14.5;07:20;23.1;28;00:20;15;00:10;0;0;0;0;0
2755X;2015-07-12;34.8;19:40;14.8;06:10;24.8;30;00:40;17;00:40;0;0;0;0;0
2755X;2015-07-13;36.2;18:10;16.0;07:20;26.1;34;23:50;16;23:50;0;0;0;0;0
2755X;2015-07-14;37.3;17:40;17.7;07:20;27.5;29;01:10;15;00:20;0;0;0;0;0
2755X;2015-07-15;37.6;18:20;16.6;07:10;27.1;28;17:20;16;18:00;0;0;0;0;0
2755X;2015-07-16;34.3;18:10;16.5;07:10;25.4;37;17:10;18;17:40;0;0;0;0;0
2755X;2015-07-17;31.0;17:10;15.7;07:30;23.3;44;18:30;20;18:20;0;0;0;0;0
2755X;2015-07-18;32.0;16:50;19.2;07:20;25.6;42;20:50;19;17:20;0;0;0;0;0
2755X;2015-07-19;32.1;17:50;16.1;07:30;24.1;28;23:59;13;22:30;0;0;0;0;0
2755X;2015-07-20;34.3;18:10;17.9;07:00;26.1;31;00:30;15;23:59;0;0;0;0;0
2755X;2015-07-21;33.5;14:30;20.6;05:00;27.1;49;17:00;22;17:40;1.2;0;0;1.2;0
2755X;2015-07-22;32.9;19:00;17.6;06:50;25.3;35;23:59;15;23:59;0;0;0;0;0
2755X;2015-07-23;33.6;18:40;15.3;07:10;24.4;34;14:40;18;01:40;0;0;0;0;0
2755X;2015-07-24;29.7;16:50;16.7;04:40;23.2;40;22:10;22;23:40;0;0;0;0;0
2755X;2015-07-25;27.8;19:40;12.0;07:50;19.9;28;00:30;13;00:30;0;0;0;0;0
2755X;2015-07-26;33.9;17:00;13.7;07:40;23.8;42;18:30;17;16:20;0;0;0;0;0
2755X;2015-07-27;32.7;18:00;15.1;07:10;23.9;33;19:30;15;19:10;0;0;0;0;0
2755X;2015-07-28;33.8;17:30;14.0;07:20;23.9;46;19:30;18;18:20;0;0;0;0;0
2755X;2015-07-29;29.8;16:50;16.5;08:00;23.1;35;20:20;19;21:00;0;0;0;0;0
2755X;2015-07-30;26.3;18:00;16.3;23:59;21.3;42;21:30;20;21:30;0;0;0;0;0
2755X;2015-07-31;26.5;17:10;13.3;04:20;19.9;39;17:40;19;19:10;13.6;13.4;0.2;0;0
2755X;2015-08-01;26.4;18:50;11.0;07:20;18.7;27;11:50;14;10:30;0;0;0;0;0
2755X;2015-08-02;;;;;;;;;;;;;;
2755X;2015-08-03;32.4;17:30;14.5;07:20;23.5;42;16:40;19;17:30;0;0;0;0;0
2755X;2015-08-04;31.3;19:30;14.4;07:10;22.8;23;16:40;11;00:20;0;0;0;0;0
2755X;2015-08-05;32.3;17:30;14.0;07:10;23.1;36;16:20;17;18:40;0;0;0;0;0
2755X;2015-08-06;32.4;17:20;12.4;07:40;22.4;38;17:00;18;18:00;0;0;0;0;0
2755X;2015-08-07;30.2;18:30;13.7;07:30;22;44;22:00;22;22:00;0;0;0;0;0
2755X;2015-08-08;26.7;18:20;11.8;07:40;19.3;34;23:00;20;23:00;0;0;0;0;0
2755X;2015-08-09;28.7;19:50;11.5;06:20;20.1;30;10:10;15;11:10;0;0;0;0;0
2755X;2015-08-10;33.6;18:30;12.8;07:00;23.2;24;19:00;13;19:00;0;0;0;0;0
2755X;2015-08-11;33.0;15:40;17.6;05:50;25.3;32;18:00;14;17:20;0;0;0;0;0
2755X;2015-08-12;29.6;16:00;15.3;07:20;22.5;51;19:00;23;19:00;0;0;0;0;0
2755X;2015-08-13;23.9;16:10;14.3;07:40;19.1;45;16:50;22;16:50;0;0;0;0;0
2755X;2015-08-14;23.7;16:40;11.2;07:30;17.5;36;22:20;17;20:10;0;0;0;0;0
2755X;2015-08-15;24.6;17:20;13.6;05:40;19.1;28;01:00;14;00:20;0;0;0;0;0
2755X;2015-08-16;27.3;17:30;15.7;07:10;21.5;35;22:30;17;22:30;0;0;0;0;0
2755X;2015-08-17;26.6;16:40;13.7;07:30;20.2;36;22:10;15;22:20;0;0;0;0;0
2755X;2015-08-18;26.9;18:00;13.3;07:30;20.1;44;23:00;19;23:00;0;0;0;0;0
2755X;2015-08-19;29.3;16:50;12.3;06:30;20.8;28;00:20;13;17:20;0;0;0;0;0
2755X;2015-08-20;33.3;19:10;13.4;07:10;23.3;23;18:00;11;09:30;0;0;0;0;0
2755X;2015-08-21;34.5;18:40;15.0;06:40;24.8;33;20:50;17;20:50;0;0;0;0;0
2755X;2015-08-22;30.2;15:40;17.4;07:40;23.8;46;19:00;22;17:10;0;0;0;0;0
2755X;2015-08-23;20.9;15:40;11.5;07:40;16.2;64;20:30;30;20:10;1.6;0;0;0;1.6
2755X;2015-08-24;22.5;17:40;10.9;06:50;16.7;35;00:10;17;01:10;0;0;0;0;0
2755X;2015-08-25;28.3;18:30;9.1;07:50;18.7;32;18:00;15;18:00;0;0;0;0;0
2755X;2015-08-26;27.5;16:50;12.5;05:40;20;41;16:20;20;15:30;0;0;0;0;0
2755X;2015-08-27;27.3;16:40;16.0;08:20;21.6;53;16:00;22;16:50;0;0;0;0;0
2755X;2015-08-28;31.8;18:50;13.3;08:00;22.5;27;14:50;12;01:10;0;0;0;0;0
2755X;2015-08-29;35.1;17:40;14.1;06:30;24.6;31;16:30;15;16:30;0;0;0;0;0
2755X;2015-08-30;33.5;17:10;17.0;07:50;25.3;32;18:20;17;18:20;0;0;0;0;0
2755X;2015-08-31;26.6;17:00;16.6;07:00;21.6;35;17:20;16;16:00;0.6;0;0;0;0.6
2755X;2015-09-01;26.3;17:30;15.5;07:50;20.9;39;21:30;17;21:30;0;0;0;0;0
2755X;2015-09-02;27.5;17:20;12.0;07:20;19.8;46;20:40;19;21:00;0;0;0;0;0
2755X;2015-09-03;22.6;17:50;12.3;07:20;17.5;39;23:40;19;23:30;0;0;0;0;0
2755X;2015-09-04;23.9;17:20;10.2;08:20;17;40;22:20;19;23:20;0;0;0;0;0
2755X;2015-09-05;23.7;18:10;8.7;07:50;16.2;28;01:40;14;10:50;0;0;0;0;0
2755X;2015-09-06;25.8;17:40;9.6;08:00;17.7;27;01:20;13;01:10;0;0;0;0;0
2755X;2015-09-07;25.9;18:30;10.0;07:30;17.9;31;09:50;15;09:50;0;0;0;0;0
2755X;2015-09-08;28.4;18:40;8.8;08:00;18.6;26;23:59;14;23:59;0;0;0;0;0
2755X;2015-09-09;25.8;17:00;11.2;06:40;18.5;32;18:30;17;18:30;0;0;0;0;0
2755X;2015-09-10;24.5;16:20;11.1;08:00;17.8;22;16:50;10;11:30;0;0;0;0;0
2755X;2015-09-11;27.5;17:20;9.5;08:00;18.5;38;17:30;18;16:40;0;0;0;0;0
2755X;2015-09-12;26.3;16:40;14.0;09:00;20.1;40;16:30;18;17:20;0;0;0;0;0
2755X;2015-09-13;18.7;18:20;12.2;08:50;15.5;52;16:00;23;16:00;1.2;0;0;1.2;0
2755X;2015-09-14;20.6;16:10;9.9;06:30;15.3;35;18:20;16;18:00;0;0;0;0;0
2755X;2015-09-15;16.4;23:00;10.8;10:50;13.6;68;22:20;28;21:40;7.6;0;0.6;5;2
2755X;2015-09-16;18.8;14:00;10.8;23:59;14.8;74;13:40;32;14:30;11;9.6;1.4;0;0
2755X;2015-09-17;;;;;;;;;;;0;0;0;
2755X;2015-09-18;;;;;;;;;;;0;0;;
2755X;2015-09-19;;;;;;;;;;;;;;
2755X;2015-09-20;;;;;;;;;;;;0;0;0
2755X;2015-09-21;27.9;17:10;8.8;09:00;18.3;27;22:50;14;23:00;0;0;0;0;0
2755X;2015-09-22;24.8;17:10;7.9;08:20;16.3;41;20:00;19;21:10;0;0;0;0;0
2755X;2015-09-23;21.8;17:40;8.5;08:30;15.1;30;00:20;15;00:20;0;0;0;0;0
2755X;2015-09-24;24.9;18:30;8.2;08:40;16.5;17;11:00;9;10:40;0;0;0;0;0
2755X;2015-09-25;28.1;18:10;7.4;07:20;17.8;19;15:00;8;15:30;0;0;0;0;0
2755X;2015-09-26;27.8;16:30;11.7;05:10;19.7;31;18:50;12;18:50;0;0;0;0;0
2755X;2015-09-27;25.5;17:40;9.3;08:40;17.4;36;23:00;16;22:50;0;0;0;0;0
2755X;2015-09-28;24.6;18:20;6.6;08:30;15.6;45;16:20;15;13:40;0;0;0;0;0
2755X;2015-09-29;24.8;16:00;9.2;08:40;17;28;16:30;13;16:30;0;0;0;0;0
2755X;2015-09-30;23.5;16:50;7.1;08:20;15.3;39;17:30;17;18:20;0;0;0;0;0
2755X;2015-10-01;25.4;17:40;5.9;07:20;15.6;37;19:30;19;18:20;;0;;0;0
2755X;2015-10-02;22.1;16:30;5.3;08:50;13.7;36;16:40;14;17:20;0;0;0;0;0
2755X;2015-10-03;21.3;18:50;3.8;08:40;12.5;22;13:50;9;16:20;0;0;0;0;0
2755X;2015-10-04;19.6;17:30;10.7;05:30;15.2;52;15:50;23;14:50;8.4;0.6;3.6;0.6;3.6
2755X;2015-10-05;21.6;14:20;14.7;22:50;18.2;70;15:00;32;15:00;17.6;6.4;8;1.4;1.8
2755X;2015-10-06;19.1;17:50;10.4;23:59;14.8;49;11:20;23;11:20;0;0;0;0;0
2755X;2015-10-07;17.3;16:50;6.5;08:10;11.9;24;11:10;12;11:20;0;0;0;0;0
2755X;2015-10-08;18.3;16:40;6.6;08:50;12.4;27;11:20;14;11:30;0;0;0;0;0
2755X;2015-10-09;20.3;17:50;4.7;08:50;12.5;18;01:30;9;01:20;0;0;0;0;0
2755X;2015-10-10;20.4;15:40;6.3;08:20;13.3;26;19:10;14;19:20;4.2;0;0;0;4.2
2755X;2015-10-11;17.0;15:10;12.8;01:00;14.9;18;15:30;9;15:40;3.4;2.2;0.2;0.8;0.2
2755X;2015-10-12;16.3;15:30;12.9;22:40;14.6;24;16:20;11;15:40;21.8;20.4;0.8;0.6;0
2755X;2015-10-13;16.8;17:00;5.8;08:50;11.3;35;15:00;18;15:00;0;0;0;0;0
2755X;2015-10-14;15.0;17:10;5.8;06:20;10.4;30;16:00;15;16:00;0;0;0;0;0
2755X;2015-10-15;16.2;18:00;2.0;08:10;9.1;18;12:10;9;01:20;0;0;0;0;0
2755X;2015-10-16;16.8;18:30;3.0;05:50;9.9;15;14:10;7;14:00;0;0;0;0;0
2755X;2015-10-17;21.7;15:50;8.6;08:20;15.2;45;18:30;17;18:30;1.8;0;0;0;1.8
2755X;2015-10-18;17.4;15:00;11.9;06:10;14.6;18;18:40;9;14:50;9.2;0;0;8;1.2
2755X;2015-10-19;19.1;14:00;13.2;03:50;16.2;34;13:20;16;11:30;22.8;5;4.4;10.2;3.2
2755X;2015-10-20;15.9;17:10;8.2;23:40;12;38;16:00;21;16:10;0;0;0;0;0
2755X;2015-10-21;16.8;18:00;5.1;08:10;10.9;28;00:30;14;14:50;0;0;0;0;0
2755X;2015-10-22;18.8;17:40;5.9;05:20;12.3;17;13:40;7;13:50;0;0;0;0;0
2755X;2015-10-23;20.0;15:20;6.6;09:30;13.3;17;23:50;10;23:50;0;0;0;0;0
2755X;2015-10-24;18.0;15:20;9.6;08:50;13.8;19;11:50;9;05:20;0.6;0;0;0;0.6
2755X;2015-10-25;19.3;16:40;11.6;08:00;15.4;23;04:50;13;12:30;3.4;1.6;1;0.6;0.2
2755X;2015-10-26;16.6;15:30;11.6;03:40;14.1;37;17:00;18;16:50;6;0;0;3.4;2.6
2755X;2015-10-27;12.7;14:20;8.4;08:20;10.5;39;15:40;18;14:30;2.6;2.2;0;0.2;0.2
2755X;2015-10-28;13.1;12:30;7.6;02:50;10.4;37;23:59;19;15:10;1.8;0.6;0.2;0.6;0.4
2755X;2015-10-29;16.2;16:20;11.0;00:00;13.6;34;13:50;17;14:10;0;0;0;0;0
2755X;2015-10-30;17.7;14:00;8.2;08:00;13;24;15:00;10;18:00;0;0;0;0;0
2755X;2015-10-31;17.1;14:50;9.1;05:10;13.1;30;11:40;12;11:40;0;0;0;0;0
2755X;2015-11-01;18.8;15:10;9.2;08:00;14;49;17:20;25;13:50;0;0;0;0;0
2755X;2015-11-02;14.5;13:40;9.4;23:59;11.9;53;14:20;24;12:30;2.8;0;0.8;0.4;1.6
2755X;2015-11-03;16.1;14:10;9.0;02:50;12.6;44;12:40;20;12:40;19.2;7;11;1.2;0
2755X;2015-11-04;13.4;17:30;10.8;05:00;12.1;24;12:30;13;12:30;3.8;0;0.6;1.4;1.8
2755X;2015-11-05;14.1;23:59;11.5;07:10;12.8;22;01:00;10;07:00;4.8;1.6;1.4;1.4;0.4
2755X;2015-11-06;19.8;15:30;10.5;23:50;15.1;23;15:10;11;15:10;0;0;0;0;0
2755X;2015-11-07;17.3;17:10;8.4;06:10;12.8;15;20:30;8;22:20;0;0;0;0;0
2755X;2015-11-08;21.7;15:40;6.8;08:20;14.3;18;16:00;7;15:30;0;0;0;0;0
2755X;2015-11-09;19.0;16:00;6.4;08:00;12.7;17;05:20;8;05:20;0;0;0;0;0
2755X;2015-11-10;20.5;15:30;6.3;07:50;13.4;14;11:20;8;11:20;0;0;0;0;0
2755X;2015-11-11;17.7;14:20;4.9;06:00;11.3;15;14:30;8;16:50;0;0;0;0;0
2755X;2015-11-12;17.0;14:20;4.3;07:40;10.7;19;16:20;9;15:50;0;0;0;0;0
2755X;2015-11-13;15.9;16:30;5.4;08:10;10.6;18;13:10;9;13:30;0;0;0;0;0
2755X;2015-11-14;17.3;15:30;5.9;23:40;11.6;18;02:30;10;02:30;0;0;0;0;0
2755X;2015-11-15;8.8;15:40;6.0;00:00;7.4;16;06:50;7;17:30;0;0;0;0;0
2755X;2015-11-16;8.3;17:30;6.4;09:00;7.4;14;12:30;6;11:50;0;0;0;0;0
2755X;2015-11-17;8.2;15:40;5.8;08:30;7;14;08:30;7;08:50;0;0;0;0;0
2755X;2015-11-18;9.8;15:10;6.6;00:10;8.2;13;16:40;6;16:40;0;0;0;0;0
2755X;2015-11-19;9.3;16:20;6.7;09:00;8;10;14:00;5;13:50;0;0;0;0;0
2755X;2015-11-20;14.2;16:10;6.0;08:30;10.1;;;;;;0;0;;0
2755X;2015-11-21;11.3;06:20;2.6;23:50;7;48;11:50;27;02:30;1;0.6;0.4;0;0
2755X;2015-11-22;10.7;15:00;1.1;07:40;5.9;36;14:00;18;14:00;0;0;0;0;0
2755X;2015-11-23;9.7;16:30;-2.2;07:50;3.7;20;23:59;12;23:30;0;0;0;0;0
2755X;2015-11-24;12.0;16:10;0.3;08:20;6.2;19;21:50;11;00:10;0;0;0;0;0
2755X;2015-11-25;17.0;13:30;6.7;06:50;11.8;44;13:10;22;15:30;0;0;0;0;0
2755X;2015-11-26;17.5;14:50;6.9;02:40;12.2;37;17:00;18;04:10;0;0;0;0;0
2755X;2015-11-27;18.3;16:30;5.6;07:40;11.9;30;00:10;16;00:30;0;0;0;0;0
2755X;2015-11-28;12.7;16:00;2.1;23:59;7.4;33;07:30;15;08:00;0;0;0;0;0
2755X;2015-11-29;12.3;16:20;-1.9;07:50;5.2;12;03:50;6;03:40;0;0;0;0;0
2755X;2015-11-30;4.0;14:10;-3.5;08:10;0.3;13;20:40;6;10:10;0;0;0;0;0
2755X;2015-12-01;1.7;15:40;-1.9;03:30;-0.1;12;01:20;8;02:30;0;0;0;0;0
2755X;2015-12-02;10.2;16:30;-0.8;00:50;4.7;12;16:40;7;16:40;0;0;0;0;0
2755X;2015-12-03;9.1;16:20;2.7;00:20;5.9;12;16:20;6;16:10;0;0;0;0;0
2755X;2015-12-04;10.7;16:50;3.8;22:40;7.2;14;23:30;6;14:40;0;0;0;0;0
2755X;2015-12-05;7.4;16:10;0.7;04:40;4.1;13;02:40;6;02:50;0;0;0;0;0
2755X;2015-12-06;6.0;16:30;3.3;07:00;4.6;18;21:00;10;21:20;0;0;0;0;0
2755X;2015-12-07;6.4;16:20;1.3;07:40;3.9;13;17:00;6;02:50;0;0;0;0;0
2755X;2015-12-08;11.8;16:00;5.0;23:59;8.4;16;17:20;8;17:20;0.2;0;0.2;0;0
2755X;2015-12-09;8.3;15:20;2.6;22:50;5.5;21;11:10;11;11:20;0;0;0;0;0
2755X;2015-12-10;8.9;14:40;0.5;07:50;4.7;14;16:40;7;19:20;0;0;0;0;0
2755X;2015-12-11;4.1;15:00;2.2;02:30;3.1;16;03:30;9;11:20;0;0;0;0;0
2755X;2015-12-12;3.8;16:00;2.2;10:10;3;14;02:30;7;02:30;0;0;0;0;0
2755X;2015-12-13;7.0;15:30;2.5;01:40;4.8;12;17:20;7;17:20;0.2;0;0;0;0.2
2755X;2015-12-14;13.2;15:20;6.6;00:00;9.9;46;15:50;24;15:50;1.2;0.8;0;0;0.4
2755X;2015-12-15;15.0;15:40;8.5;23:20;11.8;31;21:30;18;21:30;1.6;1.6;0;0;0
2755X;2015-12-16;14.9;14:10;4.8;07:50;9.8;15;14:50;7;14:20;0;0;0;0;0
2755X;2015-12-17;12.7;14:30;3.2;06:40;7.9;16;06:10;8;13:50;0;0;0;0;0
2755X;2015-12-18;13.1;16:00;6.6;02:30;9.9;17;13:40;10;14:10;0.6;0;0.6;0;0
2755X;2015-12-19;14.3;15:10;2.3;07:50;8.3;24;18:50;12;19:10;0;0;0;0;0
2755X;2015-12-20;11.5;13:50;4.2;23:59;7.8;24;14:10;12;14:10;1.2;0;1.2;0;0
2755X;2015-12-21;4.7;00:30;-1.3;07:50;1.7;12;03:50;6;03:40;0;0;0;0;0
2755X;2015-12-22;4.3;16:50;2.1;00:00;3.2;15;09:20;8;09:20;0;0;0;0;0
2755X;2015-12-23;6.4;16:40;2.6;09:00;4.5;18;23:00;7;23:00;0.2;0;0.2;0;0
2755X;2015-12-24;10.5;16:10;4.2;04:40;7.3;23;14:00;11;13:30;0.2;0;0.2;0;0
2755X;2015-12-25;12.1;15:30;2.7;09:00;7.4;14;11:40;6;11:40;0;0;0;0;0
2755X;2015-12-26;5.4;16:30;0.2;06:00;2.8;13;23:50;7;23:40;0;0;0;0;0
2755X;2015-12-27;11.3;16:00;0.8;08:30;6.1;18;11:20;11;11:20;0;0;0;0;0
2755X;2015-12-28;11.1;16:30;3.4;00:40;7.3;48;16:40;24;16:30;13;0;0;1.4;11.6
2755X;2015-12-29;10.7;16:10;3.3;23:59;7;30;16:10;14;16:00;0;0;0;0;0
2755X;2015-12-30;11.4;16:40;1.7;02:00;6.5;53;11:30;27;12:00;0.4;0;0;0;0.4
2755X;2015-12-31;9.6;00:00;1.4;23:59;5.5;31;00:40;16;00:40;0.2;0.2;0;0;0
2755X;2016-01-01;11.1;13:40;1.4;00:00;6.3;42;16:00;21;14:00;10.6;0;0;10.6;0
2755X;2016-01-02;10.1;15:00;3.7;08:20;6.9;39;16:20;19;16:20;0;0;0;0;0
2755X;2016-01-03;12.5;19:50;5.6;00:00;9;52;19:00;24;17:20;0.6;0;0;0.2;0.4
2755X;2016-01-04;10.3;00:00;4.9;23:59;7.6;33;04:30;15;04:30;26;2;8.2;15.8;0
2755X;2016-01-05;7.9;14:40;1.6;05:00;4.8;42;15:20;21;15:20;0;0;0;0;0
2755X;2016-01-06;9.4;22:50;0.7;03:20;5;41;21:30;22;21:30;1;0;0;1;0
2755X;2016-01-07;12.6;14:10;9.1;00:00;10.9;55;18:50;27;18:10;0.2;0;0.2;0;0
2755X;2016-01-08;12.3;14:30;8.8;23:20;10.6;57;15:10;26;01:10;5.6;0.2;2.2;3.2;0
2755X;2016-01-09;8.8;00:00;2.9;07:30;5.9;62;17:10;31;17:40;4;0;0;0.4;3.6
2755X;2016-01-10;10.0;20:20;6.6;03:30;8.3;72;21:10;35;21:40;30.2;5.8;12.6;5.2;6.6
2755X;2016-01-11;9.1;16:30;3.3;22:20;6.2;52;14:40;23;13:10;1.8;1.8;0;0;0
2755X;2016-01-12;9.2;14:10;0.2;23:20;4.7;31;14:00;15;13:50;0;0;0;0;0
2755X;2016-01-13;8.5;16:40;-0.6;01:20;3.9;26;16:40;14;15:10;0;0;0;0;0
2755X;2016-01-14;11.0;14:20;4.3;23:59;7.7;30;00:10;14;00:10;3.6;0;3.6;0;0
2755X;2016-01-15;8.8;15:20;-0.1;23:59;4.4;33;11:40;18;12:30;0;0;0;0;0
2755X;2016-01-16;7.9;15:40;-1.7;23:59;3.1;32;06:30;16;06:20;0;0;0;0;0
2755X;2016-01-17;5.6;14:20;-2.1;05:10;1.8;23;23:50;11;23:59;1.6;0;0;0.2;1.4
2755X;2016-01-18;10.8;15:10;2.4;23:10;6.6;41;13:40;20;13:30;0.4;0;0;0.4;0
2755X;2016-01-19;6.3;16:30;-2.0;08:40;2.2;21;16:40;10;15:30;0;0;0;0;0
2755X;2016-01-20;6.2;17:20;-0.2;00:00;3;15;03:30;8;03:30;0;0;0;0;0
2755X;2016-01-21;7.9;16:40;5.3;02:50;6.6;15;08:30;7;08:30;0.4;0;0.2;0;0.2
2755X;2016-01-22;9.5;16:50;6.9;07:50;8.2;10;13:00;6;13:00;3;1;1;0.6;0.4
2755X;2016-01-23;11.4;16:40;8.5;08:10;9.9;11;18:40;6;18:40;0.4;0;0.2;0;0.2
2755X;2016-01-24;9.5;00:00;4.7;09:00;7.1;14;16:50;8;06:00;0.4;0;0.2;0;0.2
2755X;2016-01-25;13.0;14:20;2.9;08:20;8;44;14:30;17;14:30;0.2;0;0.2;0;0
2755X;2016-01-26;8.7;17:20;3.5;23:50;6.1;17;03:50;9;08:10;0;0;0;0;0
2755X;2016-01-27;8.5;16:50;2.9;00:30;5.7;21;12:30;11;12:30;0;0;0;0;0
2755X;2016-01-28;8.4;15:00;5.4;23:59;6.9;30;20:50;15;20:50;1.2;0;0.2;0.4;0.6
2755X;2016-01-29;10.4;16:30;1.0;06:50;5.7;28;11:30;14;11:30;0.8;0.6;0.2;0;0
2755X;2016-01-30;10.9;15:10;-1.4;08:20;4.7;26;15:40;15;16:10;0;0;0;0;0
2755X;2016-01-31;16.9;16:20;5.2;23:59;11;35;11:00;15;10:30;0;0;0;0;0
2755X;2016-02-01;8.9;15:50;4.0;03:40;6.4;13;22:10;7;06:20;0;0;0;0;0
2755X;2016-02-02;8.0;17:20;6.2;23:59;7.1;12;14:20;6;20:20;0;0;0;0;0
2755X;2016-02-03;12.2;14:40;0.8;09:40;6.5;33;14:50;19;14:50;0;0;0;0;0
2755X;2016-02-04;10.6;16:50;-1.5;08:40;4.6;26;15:40;13;13:00;0;0;0;0;0
2755X;2016-02-05;12.0;16:00;-1.4;08:40;5.3;23;16:50;11;16:40;0;0;0;0;0
2755X;2016-02-06;10.4;16:30;-1.4;04:30;4.5;72;16:40;29;16:30;4.4;0;0;0;4.4
2755X;2016-02-07;9.9;15:50;0.7;06:00;5.3;45;16:50;19;17:00;2.6;2.6;0;0;0
2755X;2016-02-08;10.2;16:30;6.6;05:40;8.4;50;13:20;26;13:20;0;0;0;0;0
2755X;2016-02-09;11.8;16:20;8.0;22:20;9.9;66;08:50;28;07:30;0.8;0;0;0.6;0.2
2755X;2016-02-10;15.8;13:10;7.3;02:00;11.6;66;11:50;27;13:00;0;0;0;0;0
2755X;2016-02-11;15.7;16:50;8.9;08:50;12.3;45;21:40;20;15:50;4.8;0.6;3.6;0.6;0
2755X;2016-02-12;14.6;16:30;8.6;01:00;11.6;49;17:30;21;23:30;4.4;0.4;1.8;1.4;0.8
2755X;2016-02-13;14.9;12:50;9.1;23:59;12;71;20:10;26;17:00;1;0.2;0;0.2;0.6
2755X;2016-02-14;9.1;00:00;1.9;23:40;5.5;70;11:10;32;11:10;1.4;0.4;0.4;0.4;0.2
2755X;2016-02-15;6.9;14:30;-0.5;23:50;3.2;66;12:40;32;12:00;1.4;0.4;0.4;0.2;0.4
2755X;2016-02-16;8.1;16:30;-2.0;07:10;3.1;26;12:20;14;05:10;0.2;0.2;0;0;0
2755X;2016-02-17;9.0;15:40;-2.9;05:10;3;35;18:10;15;18:00;0.2;0;0;0;0.2
2755X;2016-02-18;8.6;16:40;-0.8;07:40;3.9;32;11:50;16;11:10;1.6;0.4;0.4;0.4;0.4
2755X;2016-02-19;9.7;16:50;-3.4;08:20;3.1;18;17:10;8;17:10;1;0.4;0.2;0.2;0.2
2755X;2016-02-20;12.9;17:50;-2.5;07:50;5.2;18;16:40;11;16:40;0.2;0.2;0;0;0
2755X;2016-02-21;13.7;15:20;-0.7;08:40;6.5;22;15:10;13;03:00;0;0;0;0;0
2755X;2016-02-22;14.5;15:30;1.2;09:00;7.9;27;17:50;13;15:30;0;0;0;0;0
2755X;2016-02-23;15.6;16:50;0.9;08:30;8.3;27;17:00;14;17:10;0;0;0;0;0
2755X;2016-02-24;9.1;16:40;1.6;03:20;5.4;34;16:30;18;16:20;2.4;0;0;1;1.4
2755X;2016-02-25;12.6;16:00;2.0;07:20;7.3;30;16:30;15;15:40;0.4;0;0;0;0.4
2755X;2016-02-26;7.2;13:00;3.2;23:40;5.2;43;13:00;20;13:10;1;0;0;0.6;0.4
2755X;2016-02-27;8.3;16:10;1.1;08:00;4.7;51;13:40;26;14:10;0.6;0.4;0.2;0;0
2755X;2016-02-28;10.9;15:00;2.8;23:59;6.8;50;11:00;26;11:00;0;0;0;0;0
2755X;2016-02-29;11.8;16:00;0.4;03:50;6.1;42;12:30;21;12:20;0;0;0;0;0
2755X;2016-03-01;14.8;17:20;-3.0;07:50;5.9;23;15:40;13;15:40;0;0;0;0;0
2755X;2016-03-02;17.4;16:10;4.2;01:40;10.8;47;18:10;24;18:10;0;0;0;0;0
2755X;2016-03-03;14.9;16:00;3.2;07:10;9;42;20:20;21;20:00;0;0;0;0;0
2755X;2016-03-04;12.0;15:50;1.2;03:00;6.6;64;15:40;28;15:30;0;0;0;0;0
2755X;2016-03-05;9.9;14:30;-0.1;07:20;4.9;51;12:00;26;12:00;0;0;0;0;0
2755X;2016-03-06;11.0;15:40;0.5;04:50;5.8;41;15:20;22;15:50;0;0;0;0;0
2755X;2016-03-07;10.6;16:10;2.1;08:00;6.4;59;15:20;33;15:20;0.2;0;0.2;0;0
2755X;2016-03-08;12.0;16:00;1.2;03:10;6.6;30;13:00;15;03:40;0;0;0;0;0
2755X;2016-03-09;15.1;13:50;1.8;02:10;8.5;66;16:30;31;14:10;0;0;0;0;0
2755X;2016-03-10;13.0;16:10;0.4;07:00;6.7;57;12:30;30;12:50;0;0;0;0;0
2755X;2016-03-11;12.6;17:00;-0.1;07:00;6.3;32;00:20;18;01:40;0;0;0;0;0
2755X;2016-03-12;12.3;18:30;-2.4;07:00;5;28;11:20;14;11:20;0;0;0;0;0
2755X;2016-03-13;13.4;16:30;-1.7;06:50;5.8;33;16:50;17;14:50;0;0;0;0;0
2755X;2016-03-14;10.9;17:20;-2.7;08:00;4.1;26;13:10;12;12:50;0;0;0;0;0
2755X;2016-03-15;12.7;15:20;-2.3;07:10;5.2;21;15:40;11;09:40;0;0;0;0;0
2755X;2016-03-16;16.9;16:50;-0.8;06:30;8;27;18:40;14;18:30;0;0;0;0;0
2755X;2016-03-17;11.0;17:50;-1.3;08:00;4.9;21;16:50;10;16:50;0;0;0;0;0
2755X;2016-03-18;9.0;13:20;-0.8;07:00;4.1;18;14:10;10;14:20;1.2;0;0;0.2;1
2755X;2016-03-19;9.7;16:30;5.7;02:40;7.7;19;19:30;10;19:30;2.2;1.2;0.4;0.4;0.2
2755X;2016-03-20;11.9;16:40;2.8;04:10;7.3;15;21:50;7;18:00;0;0;0;0;0
2755X;2016-03-21;13.8;15:50;3.6;01:40;8.7;51;16:10;25;15:10;0;0;0;0;0
2755X;2016-03-22;13.4;16:40;2.5;08:00;7.9;35;01:20;15;01:10;0;0;0;0;0
2755X;2016-03-23;13.8;16:40;3.2;01:40;8.5;31;14:00;15;14:00;0;0;0;0;0
2755X;2016-03-24;17.6;17:50;-1.1;08:00;8.3;27;17:00;13;17:30;0;0;0;0;0
2755X;2016-03-25;18.3;18:20;4.9;03:30;11.6;33;18:50;15;18:00;0;0;0;0;0
2755X;2016-03-26;16.1;15:40;7.0;23:59;11.6;70;16:10;31;15:50;1.2;0;0;0;1.2
2755X;2016-03-27;12.3;15:30;3.1;08:00;7.7;46;15:20;24;15:20;0;0;0;0;0
2755X;2016-03-28;14.0;14:40;6.6;05:30;10.3;49;14:40;25;14:40;1.2;0;0;1;0.2
2755X;2016-03-29;15.9;18:20;9.6;08:20;12.8;45;16:10;24;17:00;1.4;0.8;0.4;0.2;0
2755X;2016-03-30;18.5;17:20;5.3;03:20;11.9;47;16:40;23;17:30;0;0;0;0;0
2755X;2016-03-31;11.3;15:50;1.1;05:50;6.2;57;07:10;28;07:10;8.8;0.2;8.6;0;0
2755X;2016-04-01;12.5;17:50;-1.4;08:20;5.6;19;01:50;11;01:30;0;0;0;0;0
2755X;2016-04-02;15.1;18:10;0.3;08:20;7.7;46;18:50;21;18:50;0;0;0;0;0
2755X;2016-04-03;11.0;00:00;5.3;09:30;8.2;53;14:10;28;14:00;2.2;0;0.8;1;0.4
2755X;2016-04-04;12.2;20:00;5.5;07:30;8.8;36;20:20;19;23:20;8.8;1;5.8;1.6;0.4
2755X;2016-04-05;15.8;17:00;2.7;07:20;9.3;37;12:00;20;09:10;0;0;0;0;0
2755X;2016-04-06;16.5;18:40;1.5;06:10;9;19;15:30;7;07:30;0;0;0;0;0
2755X;2016-04-07;18.8;18:00;2.0;07:50;10.4;37;21:30;19;21:20;0;0;0;0;0
2755X;2016-04-08;15.0;17:10;0.8;06:30;7.9;41;16:00;17;19:20;0;0;0;0;0
2755X;2016-04-09;14.5;16:50;4.5;07:40;9.5;54;17:00;26;15:20;0;0;0;0;0
2755X;2016-04-10;9.2;17:40;2.8;23:20;6;64;12:10;31;17:20;1.2;0;0;0.4;0.8
2755X;2016-04-11;12.1;14:50;2.7;00:30;7.4;51;17:20;25;17:50;2.2;0.4;0.8;0.8;0.2
2755X;2016-04-12;13.5;15:40;4.2;07:50;8.8;57;16:20;24;16:20;1;0.2;0.2;0.2;0.4
2755X;2016-04-13;15.3;18:00;5.3;07:50;10.3;48;19:20;24;15:50;2;0.4;0.4;0.6;0.6
2755X;2016-04-14;13.0;18:40;8.1;04:40;10.6;59;14:40;30;14:20;1.6;0.2;0.4;0.4;0.6
2755X;2016-04-15;11.6;13:00;8.5;02:20;10.1;40;13:00;15;13:00;30.8;0.8;15.6;12.6;1.8
2755X;2016-04-16;15.5;16:40;7.7;05:30;11.6;61;16:40;32;15:00;14;0;12.2;1.8;0
2755X;2016-04-17;14.8;18:00;5.1;08:10;10;37;14:50;18;16:30;0;0;0;0;0
2755X;2016-04-18;17.7;18:50;3.8;05:40;10.8;35;23:10;17;22:40;0;0;0;0;0
2755X;2016-04-19;17.4;15:00;9.7;07:10;13.5;40;16:40;20;16:40;23.6;2;3.2;2.4;16
2755X;2016-04-20;14.6;18:40;8.9;23:59;11.8;32;16:10;14;21:40;10.4;6.2;0.2;0.8;3.2
2755X;2016-04-21;15.9;19:00;8.3;02:10;12.1;45;16:00;19;20:00;3.2;2.4;0.4;0.2;0.2
2755X;2016-04-22;17.6;17:10;8.7;07:20;13.2;27;16:30;14;16:30;1.2;0;0.4;0.8;0
2755X;2016-04-23;15.5;19:00;7.0;05:10;11.3;36;14:00;20;14:40;4.6;0;0;1;3.6
2755X;2016-04-24;16.9;19:10;5.1;06:10;11;33;22:30;17;22:30;1.2;1.2;0;0;0
2755X;2016-04-25;17.4;19:20;4.9;08:10;11.1;27;02:00;15;02:00;0;0;0;0;0
2755X;2016-04-26;21.9;17:10;6.1;07:40;14;33;17:30;14;23:30;0;0;0;0;0
2755X;2016-04-27;14.8;17:40;5.5;07:00;10.2;27;20:10;13;20:10;0;0;0;0;0
2755X;2016-04-28;16.0;18:50;6.0;08:50;11;40;23:20;18;09:50;0;0;0;0;0
2755X;2016-04-29;19.4;19:10;3.3;07:10;11.3;33;23:20;18;23:00;0;0;0;0;0
2755X;2016-04-30;15.7;18:00;4.6;07:30;10.1;35;06:20;18;06:50;0;0;0;0;0
2755X;2016-05-01;16.3;18:40;1.2;07:20;8.7;22;16:20;11;10:20;0;0;0;0;0
2755X;2016-05-02;21.3;18:20;2.3;07:30;11.8;25;23:59;12;23:59;0;0;0;0;0
2755X;2016-05-03;22.6;18:10;5.5;07:20;14.1;28;00:10;13;10:20;0;0;0;0;0
2755X;2016-05-04;26.0;17:40;5.7;07:00;15.8;27;00:30;12;00:50;0;0;0;0;0
2755X;2016-05-05;23.8;15:50;9.8;04:50;16.8;61;20:10;28;20:10;3.8;0;0;0;3.8
2755X;2016-05-06;16.0;13:40;10.4;07:10;13.2;35;15:10;17;13:00;12.2;3;1.8;4.2;3.2
2755X;2016-05-07;16.0;16:30;9.7;08:50;12.8;37;13:30;17;17:30;1;1;0;0;0
2755X;2016-05-08;16.8;16:50;8.5;10:20;12.6;47;16:00;23;16:00;7.2;0.4;1.2;3.8;1.8
2755X;2016-05-09;15.7;17:00;9.1;06:50;12.4;53;17:20;23;17:20;3;1.2;0.8;0.6;0.4
2755X;2016-05-10;16.6;15:30;7.8;04:30;12.2;42;19:10;18;19:40;;0.2;;0;6.8
2755X;2016-05-11;16.2;16:10;6.2;07:00;11.2;30;20:20;15;13:40;1.8;1;0;0.2;0.6
2755X;2016-05-12;13.0;13:50;8.0;08:00;10.5;30;12:50;16;12:20;11.4;7.2;0.4;3;0.8
2755X;2016-05-13;17.3;16:00;8.3;05:20;12.8;44;18:20;20;18:20;0;0;0;0;0
2755X;2016-05-14;19.2;17:30;10.2;05:20;14.7;32;17:20;15;17:30;0;0;0;0;0
2755X;2016-05-15;20.4;18:40;8.7;08:00;14.5;26;19:20;13;19:20;0;0;0;0;0
2755X;2016-05-16;21.5;18:40;6.6;07:10;14;18;17:00;8;14:30;0;0;0;0;0
2755X;2016-05-17;23.6;16:50;9.7;06:40;16.7;37;18:30;18;18:30;0.4;0;0;0;0.4
2755X;2016-05-18;24.6;16:50;9.1;06:50;16.9;54;13:40;20;19:10;0;0;0;0;0
2755X;2016-05-19;26.3;17:20;8.2;05:50;17.2;40;00:10;22;01:30;0;0;0;0;0
2755X;2016-05-20;27.2;17:50;9.8;07:10;18.5;31;16:20;13;16:10;0;0;0;0;0
2755X;2016-05-21;25.1;14:50;11.1;07:10;18.1;62;15:00;29;15:10;0.6;0;0;0.6;0
2755X;2016-05-22;18.9;17:20;9.6;09:10;14.3;46;14:50;19;16:20;0.2;0;0.2;0;0
2755X;2016-05-23;19.0;19:20;5.4;05:30;12.2;24;00:50;12;00:10;0;0;0;0;0
2755X;2016-05-24;21.1;14:00;8.7;07:10;14.9;43;15:10;21;17:00;0.4;0;0;0.4;0
2755X;2016-05-25;19.9;17:10;10.3;07:20;15.1;37;13:00;19;13:00;0;0;0;0;0
2755X;2016-05-26;22.4;17:30;10.9;07:00;16.6;41;14:30;18;14:30;0;0;0;0;0
2755X;2016-05-27;21.9;18:20;11.4;06:30;16.6;44;16:50;21;14:40;0;0;0;0;0
2755X;2016-05-28;16.9;18:30;10.2;23:59;13.5;71;16:20;22;15:50;8;0.2;0.4;6.2;1.2
2755X;2016-05-29;19.3;17:50;8.5;06:40;13.9;41;15:40;20;18:00;0.4;0;0.4;0;0
2755X;2016-05-30;18.8;18:20;6.8;07:10;12.8;33;16:10;14;14:50;0.6;0;0;0;0.6
2755X;2016-05-31;22.7;19:20;7.6;07:10;15.2;27;15:20;13;15:20;0;0;0;0;0
2755X;2016-06-01;24.4;19:00;7.6;07:00;16;19;16:30;9;01:50;0;0;0;0;0
2755X;2016-06-02;26.8;18:10;8.6;06:30;17.7;25;16:30;12;19:30;0;0;0;0;0
2755X;2016-06-03;27.0;16:10;12.6;07:10;19.8;33;18:00;16;16:50;0;0;0;0;0
2755X;2016-06-04;26.6;16:40;12.8;07:20;19.7;30;20:20;14;17:50;0;0;0;0;0
2755X;2016-06-05;26.3;18:00;12.1;06:30;19.2;23;18:10;10;19:20;0;0;0;0;0
2755X;2016-06-06;25.1;18:10;15.1;06:40;20.1;41;14:10;19;14:10;0;0;0;0;0
2755X;2016-06-07;30.0;18:10;12.6;07:10;21.3;22;14:20;10;01:50;0;0;0;0;0
2755X;2016-06-08;32.0;17:40;13.9;06:50;22.9;31;16:20;12;20:00;0;0;0;0;0
2755X;2016-06-09;31.3;16:30;15.9;07:00;23.6;39;15:40;14;20:10;0;0;0;0;0
2755X;2016-06-10;26.2;17:20;15.1;06:30;20.7;34;19:20;16;22:40;0;0;0;0;0
2755X;2016-06-11;26.6;18:10;11.4;07:00;19;37;22:20;15;21:50;0;0;0;0;0
2755X;2016-06-12;28.8;16:10;12.3;06:20;20.5;38;19:30;17;19:50;0;0;0;0;0
2755X;2016-06-13;28.2;16:30;15.5;06:30;21.9;48;13:50;21;18:50;0;0;0;0;0
2755X;2016-06-14;21.8;16:20;12.0;07:20;16.9;48;15:50;23;14:30;0;0;0;0;0
2755X;2016-06-15;17.8;14:40;10.0;23:50;13.9;65;17:10;28;17:10;0.4;0;0;0.4;0
2755X;2016-06-16;19.6;17:30;8.0;06:30;13.8;43;19:00;21;19:10;0;0;0;0;0
2755X;2016-06-17;18.3;16:40;8.9;05:00;13.6;41;20:20;20;21:00;0;0;0;0;0
2755X;2016-06-18;22.4;18:50;6.8;07:00;14.6;30;16:00;16;20:10;0;0;0;0;0
2755X;2016-06-19;26.7;20:00;7.6;06:40;17.2;27;15:10;10;15:20;0;0;0;0;0
2755X;2016-06-20;31.3;19:40;11.7;06:50;21.5;23;01:40;11;00:40;0;0;0;0;0
2755X;2016-06-21;33.8;18:20;15.3;06:10;24.5;24;16:30;10;15:10;0;0;0;0;0
2755X;2016-06-22;35.1;18:00;17.1;06:50;26.1;33;19:50;15;19:30;0;0;0;0;0
2755X;2016-06-23;30.3;18:00;16.0;07:10;23.1;43;17:30;19;13:50;0;0;0;0;0
2755X;2016-06-24;29.5;16:40;14.5;06:50;22;38;20:20;22;20:20;0;0;0;0;0
2755X;2016-06-25;27.2;17:30;13.3;06:20;20.3;47;23:40;23;22:30;0;0;0;0;0
2755X;2016-06-26;24.6;18:00;11.3;07:00;18;42;00:10;21;00:10;0;0;0;0;0
2755X;2016-06-27;30.8;19:20;9.5;06:00;20.1;26;13:30;14;04:20;0;0;0;0;0
2755X;2016-06-28;33.5;18:20;13.3;07:10;23.4;27;15:50;13;22:30;0;0;0;0;0
2755X;2016-06-29;31.7;17:40;13.4;07:00;22.6;40;20:40;18;20:00;0;0;0;0;0
2755X;2016-06-30;30.5;17:30;13.5;06:50;22;31;23:59;14;23:59;0;0;0;0;0
2755X;2016-07-01;31.7;19:00;14.0;07:10;22.9;33;23:10;15;23:10;0;0;0;0;0
2755X;2016-07-02;29.7;17:50;13.8;06:50;21.8;36;22:20;16;22:20;0;0;0;0;0
2755X;2016-07-03;31.9;18:30;12.2;06:50;22;36;00:30;17;01:10;0;0;0;0;0
2755X;2016-07-04;33.3;18:10;17.1;07:30;25.2;58;20:00;32;20:00;1.6;0;0;0;1.6
2755X;2016-07-05;30.6;17:30;15.6;07:00;23.1;33;22:40;16;22:50;1.8;0;0;0;1.8
2755X;2016-07-06;32.5;18:00;15.9;07:10;24.2;52;19:20;22;19:40;0.8;0;0;0;0.8
2755X;2016-07-07;32.3;18:30;17.9;08:00;25.1;42;20:20;19;20:30;3;0;0;0;3
2755X;2016-07-08;33.7;18:40;18.3;05:30;26;36;23:40;17;23:40;0;0;0;0;0
2755X;2016-07-09;35.0;18:30;15.8;07:00;25.4;28;00:40;14;00:40;0;0;0;0;0
2755X;2016-07-10;35.1;16:30;18.5;07:10;26.8;36;17:50;18;18:30;0;0;0;0;0
2755X;2016-07-11;30.9;17:30;15.8;07:20;23.3;31;23:00;16;22:50;0;0;0;0;0
2755X;2016-07-12;27.2;18:30;13.7;07:50;20.5;37;22:00;17;10:30;0;0;0;0;0
2755X;2016-07-13;30.9;17:30;15.8;07:20;23.3;31;23:00;16;22:50;0;0;0;0;0
2755X;2016-07-14;26.8;18:40;9.9;06:40;18.3;39;23:40;19;23:50;0;0;0;0;0
2755X;2016-07-15;28.3;18:40;9.7;06:50;19;35;00:10;16;12:00;0;0;0;0;0
2755X;2016-07-16;32.4;18:20;13.1;06:50;22.8;26;01:40;12;02:50;0;0;0;0;0
2755X;2016-07-17;35.9;19:10;13.7;06:50;24.8;24;14:50;9;10:10;0;0;0;0;0
2755X;2016-07-18;38.1;18:10;16.2;07:10;27.1;34;18:30;14;17:20;0;0;0;0;0
2755X;2016-07-19;36.0;17:50;15.8;07:20;25.9;42;19:50;17;19:50;0;0;0;0;0
2755X;2016-07-20;33.6;18:50;18.7;06:40;26.1;33;16:10;15;22:00;0;0;0;0;0
2755X;2016-07-21;31.4;17:00;14.6;06:50;23;35;23:20;16;23:30;0;0;0;0;0
2755X;2016-07-22;28.1;19:00;13.8;07:10;21;39;19:50;22;20:40;0;0;0;0;0
2755X;2016-07-23;29.1;19:30;12.6;06:50;20.9;30;23:20;17;23:20;0;0;0;0;0
2755X;2016-07-24;30.6;18:30;14.0;07:10;22.3;29;01:00;14;01:30;0;0;0;0;0
2755X;2016-07-25;33.6;18:20;15.5;06:50;24.5;26;23:59;13;23:59;0;0;0;0;0
2755X;2016-07-26;35.4;19:00;15.9;07:20;25.7;38;23:20;19;23:20;0;0;0;0;0
2755X;2016-07-27;32.9;17:50;15.9;06:30;24.4;36;23:00;17;22:30;0;0;0;0;0
2755X;2016-07-28;35.5;18:50;14.9;07:30;25.2;33;01:50;15;09:10;0;0;0;0;0
2755X;2016-07-29;36.5;17:50;18.1;07:30;27.3;31;23:50;15;23:50;0;0;0;0;0
2755X;2016-07-30;34.4;17:00;18.6;07:50;26.5;37;18:40;18;17:40;0;0;0;0;0
2755X;2016-07-31;29.1;18:50;16.2;07:20;22.7;31;23:00;14;23:30;0;0;0;0;0
2755X;2016-08-01;31.0;19:20;13.7;06:30;22.3;28;01:20;14;00:50;0;0;0;0;0
2755X;2016-08-02;34.4;19:10;14.9;07:20;24.7;27;23:59;14;23:50;0;0;0;0;0
2755X;2016-08-03;35.5;17:30;17.2;07:30;26.4;36;21:00;18;21:20;0;0;0;0;0
2755X;2016-08-04;30.4;14:50;14.8;08:00;22.6;40;19:40;20;20:40;0;0;0;0;0
2755X;2016-08-05;28.6;19:00;12.6;06:00;20.6;27;23:20;13;23:10;0;0;0;0;0
2755X;2016-08-06;32.2;17:50;13.0;07:20;22.6;28;23:30;13;09:30;0;0;0;0;0
2755X;2016-08-07;34.0;17:30;14.5;07:30;24.3;47;13:10;23;13:10;0;0;0;0;0
2755X;2016-08-08;34.7;17:30;13.9;07:20;24.3;32;23:59;15;22:20;0;0;0;0;0
2755X;2016-08-09;27.8;16:20;15.9;23:59;21.8;47;19:50;24;19:50;0;0;0;0;0
2755X;2016-08-10;24.0;17:10;10.4;07:30;17.2;56;10:30;28;11:20;0;0;0;0;0
2755X;2016-08-11;25.0;17:20;8.7;07:00;16.8;43;13:00;18;13:40;0;0;0;0;0
2755X;2016-08-12;30.2;18:10;10.2;07:40;20.2;23;01:00;10;10:10;0;0;0;0;0
2755X;2016-08-13;34.1;17:50;13.2;07:20;23.6;23;15:10;9;18:30;0;0;0;0;0
2755X;2016-08-14;35.1;18:00;14.7;07:30;24.9;37;23:50;18;23:50;0;0;0;0;0
2755X;2016-08-15;33.8;16:30;17.3;07:30;25.5;50;18:00;22;18:00;0;0;0;0;0
2755X;2016-08-16;32.5;18:50;16.1;07:40;24.3;31;15:30;14;14:00;0;0;0;0;0
2755X;2016-08-17;30.6;17:00;15.0;07:20;22.8;35;22:30;16;22:30;0;0;0;0;0
2755X;2016-08-18;30.7;18:50;14.4;05:50;22.6;28;02:00;13;00:10;0;0;0;0;0
2755X;2016-08-19;27.9;16:00;13.8;07:30;20.8;38;14:10;18;17:40;0;0;0;0;0
2755X;2016-08-20;27.0;18:00;13.3;07:30;20.2;34;04:40;18;10:10;0;0;0;0;0
2755X;2016-08-21;28.5;18:40;11.6;07:00;20.1;27;11:30;12;00:40;0;0;0;0;0
2755X;2016-08-22;34.5;17:50;13.1;07:50;23.8;22;10:50;13;10:40;0;0;0;0;0
2755X;2016-08-23;36.2;17:00;14.6;07:50;25.4;28;23:59;14;23:59;0;0;0;0;0
2755X;2016-08-24;36.1;16:40;17.6;07:20;26.8;46;21:50;21;21:10;0;0;0;0;0
2755X;2016-08-25;34.7;18:00;17.4;06:50;26.1;32;22:50;12;22:50;0;0;0;0;0
2755X;2016-08-26;28.6;17:50;18.8;12:00;23.7;43;16:50;17;16:50;4.2;0;4;0.2;0
2755X;2016-08-27;33.8;17:10;15.6;07:30;24.7;31;16:40;15;18:30;0;0;0;0;0
2755X;2016-08-28;32.9;17:50;16.0;07:40;24.5;30;20:30;14;20:30;0;0;0;0;0
2755X;2016-08-29;26.6;17:20;13.2;07:10;19.9;31;21:10;15;22:00;0;0;0;0;0
2755X;2016-08-30;27.9;18:20;11.0;08:00;19.4;32;03:00;15;12:10;0;0;0;0;0
2755X;2016-08-31;30.0;18:10;13.0;08:00;21.5;30;23:59;14;22:50;0;0;0;0;0
2755X;2016-09-01;32.5;19:00;14.1;08:00;23.3;35;00:10;13;10:00;0;0;0;0;0
2755X;2016-09-02;33.8;17:40;15.7;07:00;24.7;24;23:30;12;23:30;0;0;0;0;0
2755X;2016-09-03;34.7;16:30;16.6;08:10;25.7;26;00:40;14;00:40;0;0;0;0;0
2755X;2016-09-04;34.2;17:10;16.9;06:40;25.6;40;15:20;19;17:30;0;0;0;0;0
2755X;2016-09-05;32.8;18:30;14.0;08:10;23.4;18;14:00;10;19:00;0;0;0;0;0
2755X;2016-09-06;36.0;18:10;14.9;08:20;25.4;34;22:20;13;22:10;0;0;0;0;0
2755X;2016-09-07;35.9;17:10;16.6;08:20;26.3;40;14:40;16;14:00;0;0;0;0;0
2755X;2016-09-08;28.1;17:40;14.8;07:40;21.5;33;04:30;17;04:30;0;0;0;0;0
2755X;2016-09-09;28.9;18:10;12.8;07:10;20.8;39;23:10;19;23:10;0;0;0;0;0
2755X;2016-09-10;28.4;18:30;12.2;08:00;20.3;21;01:00;11;00:20;0;0;0;0;0
2755X;2016-09-11;31.1;17:40;12.7;08:10;21.9;26;16:30;13;16:30;0;0;0;0;0
2755X;2016-09-12;32.2;16:30;13.1;07:50;22.7;37;17:10;17;16:50;0;0;0;0;0
2755X;2016-09-13;21.8;00:00;12.6;12:30;17.2;50;10:20;24;17:30;6.4;0;5.2;1.2;0
2755X;2016-09-14;16.1;17:10;10.4;08:10;13.3;41;19:10;18;18:40;0.2;0;0;0;0.2
2755X;2016-09-15;18.5;14:40;9.5;08:30;14;39;13:20;20;12:40;0.6;0;0;0;0.6
2755X;2016-09-16;24.6;17:10;11.8;08:40;18.2;33;10:40;17;20:00;0;0;0;0;0
2755X;2016-09-17;19.8;16:00;8.9;07:50;14.3;19;15:30;8;16:10;0;0;0;0;0
2755X;2016-09-18;22.6;17:20;7.5;08:10;15.1;18;17:40;8;14:40;0;0;0;0;0
2755X;2016-09-19;23.6;17:40;7.6;08:30;15.6;20;12:40;9;00:50;;0;;0;0
2755X;2016-09-20;24.0;18:20;10.4;07:40;17.2;25;12:10;12;11:10;0;0;0;0;0
2755X;2016-09-21;26.3;18:30;9.4;08:30;17.8;23;18:10;12;18:00;0;0;0;0;0
2755X;2016-09-22;24.8;18:40;8.6;08:10;16.7;18;15:30;9;23:00;0;0;0;0;0
2755X;2016-09-23;26.0;18:20;9.9;08:20;17.9;23;01:20;13;01:20;0;0;0;0;0
2755X;2016-09-24;26.3;16:30;8.1;08:30;17.2;33;16:40;17;17:30;0;0;0;0;0
2755X;2016-09-25;22.6;17:10;12.4;07:40;17.5;30;22:50;12;01:30;1.2;1.2;0;0;0
2755X;2016-09-26;22.4;15:10;11.0;08:30;16.7;30;22:50;13;22:40;0;0;0;0;0
2755X;2016-09-27;26.9;19:20;10.4;07:30;18.6;29;14:30;16;15:20;0;0;0;0;0
2755X;2016-09-28;25.9;17:10;10.2;08:10;18;35;13:10;17;12:10;0;0;0;0;0
2755X;2016-09-29;26.7;16:50;9.1;07:30;17.9;17;17:10;8;17:10;0;0;0;0;0
2755X;2016-09-30;26.2;15:50;9.3;08:50;17.8;38;16:10;17;15:20;0;0;0;0;0
2755X;2016-10-01;23.4;17:40;9.6;08:50;16.5;30;17:20;15;17:20;0;0;0;0;0
2755X;2016-10-02;22.4;17:20;6.3;08:10;14.3;22;15:30;11;17:20;0;0;0;0;0
2755X;2016-10-03;25.4;17:10;6.3;08:20;15.8;22;15:40;9;16:30;0;0;0;0;0
2755X;2016-10-04;26.4;17:40;7.4;08:20;16.9;27;21:40;14;21:30;0;0;0;0;0
2755X;2016-10-05;23.5;17:00;7.7;08:40;15.6;21;11:20;10;07:50;0;0;0;0;0
2755X;2016-10-06;23.8;17:50;12.6;09:30;18.2;20;14:50;10;18:50;0;0;0;0;0
2755X;2016-10-07;24.5;17:20;6.5;07:50;15.5;15;08:50;8;08:50;0;0;0;0;0
2755X;2016-10-08;24.4;17:40;8.2;08:40;16.3;36;23:30;15;23:30;0;0;0;0;0
2755X;2016-10-09;20.9;17:40;8.3;07:40;14.6;35;21:50;16;12:00;0;0;0;0;0
2755X;2016-10-10;19.7;18:00;5.1;08:50;12.4;27;00:50;12;00:50;0;0;0;0;0
2755X;2016-10-11;21.8;16:10;3.6;09:00;12.7;28;18:20;14;16:30;0;0;0;0;0
2755X;2016-10-12;14.3;00:00;10.8;08:30;12.6;23;00:30;14;00:20;2.6;0.4;0.6;1.4;0.2
2755X;2016-10-13;18.7;17:10;11.4;05:00;15.1;35;17:30;19;17:30;11.8;0;0;9.4;2.4
2755X;2016-10-14;17.6;17:20;9.2;07:50;13.4;36;16:20;17;15:40;0;0;0;0;0
2755X;2016-10-15;16.8;17:30;8.7;05:30;12.7;39;16:10;19;17:10;0.2;0;0;0.2;0
2755X;2016-10-16;17.6;15:10;9.6;01:20;13.6;33;16:50;15;16:50;0.6;0;0;0;0.6
2755X;2016-10-17;18.1;15:40;11.9;06:30;15;15;12:20;9;17:40;0;0;0;0;0
2755X;2016-10-18;19.9;16:10;11.1;05:10;15.5;17;11:40;9;11:40;0;0;0;0;0
2755X;2016-10-19;19.6;16:20;11.8;23:20;15.7;19;11:10;10;04:00;0;0;0;0;0
2755X;2016-10-20;19.0;17:00;9.4;23:59;14.2;31;13:40;14;21:40;0;0;0;0;0
2755X;2016-10-21;17.5;18:20;4.9;07:30;11.2;21;10:20;12;11:00;0;0;0;0;0
2755X;2016-10-22;13.8;23:59;7.9;06:50;10.9;23;23:59;10;23:59;2.4;0;1.6;0;0.8
2755X;2016-10-23;15.9;15:30;9.7;09:00;12.8;53;04:50;22;04:50;8.2;5.2;0.4;2.4;0.2
2755X;2016-10-24;14.4;17:50;8.6;07:50;11.5;26;16:10;12;16:10;5.8;2.6;2.8;0.4;0
2755X;2016-10-25;18.2;16:10;8.3;01:40;13.3;15;13:10;8;03:00;6.2;3.2;3;0;0
2755X;2016-10-26;22.7;16:10;10.1;09:10;16.4;21;23:40;10;23:40;0;0;0;0;0
2755X;2016-10-27;23.1;17:50;9.2;08:40;16.2;20;15:00;9;11:20;0;0;0;0;0
2755X;2016-10-28;25.2;17:40;8.5;07:10;16.9;15;05:50;8;14:40;0;0;0;0;0
2755X;2016-10-29;25.6;17:40;7.6;09:00;16.6;19;03:40;8;03:30;0;0;0;0;0
2755X;2016-10-30;23.7;16:40;5.8;08:20;14.8;14;11:20;7;02:30;0;0;0;0;0
2755X;2016-10-31;23.0;16:40;3.8;07:50;13.4;15;02:30;7;02:30;0;0;0;0;0
2755X;2016-11-01;18.8;16:00;3.1;07:20;10.9;16;06:10;8;10:00;0;0;0;0;0
2755X;2016-11-02;20.6;14:50;6.1;06:40;13.4;13;02:10;7;01:10;0;0;0;0;0
2755X;2016-11-03;19.9;15:20;5.3;07:00;12.6;22;15:50;11;16:10;0;0;0;0;0
2755X;2016-11-04;15.2;15:10;6.9;03:00;11;31;16:00;14;16:00;2;0.4;1.2;0.4;0
2755X;2016-11-05;12.7;13:10;3.5;23:20;8.1;42;16:50;20;16:50;0.2;0.2;0;0;0
2755X;2016-11-06;12.6;14:00;2.5;06:40;7.6;37;14:30;18;14:40;0;0;0;0;0
2755X;2016-11-07;10.1;16:10;1.4;05:30;5.8;36;13:50;18;11:10;0;0;0;0;0
2755X;2016-11-08;12.5;14:30;-1.4;06:00;5.6;46;23:30;20;23:10;0;0;0;0;0
2755X;2016-11-09;13.4;14:20;3.5;23:50;8.4;44;11:50;22;02:10;0;0;0;0;0
2755X;2016-11-10;15.3;16:50;1.5;04:20;8.4;22;08:10;12;20:10;0;0;0;0;0
2755X;2016-11-11;11.0;13:50;-0.1;08:00;5.4;24;17:10;12;15:40;0;0;0;0;0
2755X;2016-11-12;10.4;16:00;1.8;01:20;6.1;16;15:00;8;12:20;0;0;0;0;0
2755X;2016-11-13;10.6;14:30;5.2;23:59;7.9;21;21:20;9;08:10;0;0;0;0;0
2755X;2016-11-14;13.8;15:20;1.4;06:20;7.6;30;17:20;15;16:50;0;0;0;0;0
2755X;2016-11-15;15.6;16:00;0.4;08:30;8;31;16:10;18;15:00;0;0;0;0;0
2755X;2016-11-16;18.8;16:30;1.8;08:50;10.3;19;00:30;11;00:10;0;0;0;0;0
2755X;2016-11-17;18.7;15:40;2.8;08:40;10.8;27;16:50;12;18:50;0;0;0;0;0
2755X;2016-11-18;13.6;15:50;6.2;23:30;9.9;24;17:50;11;10:40;0;0;0;0;0
2755X;2016-11-19;10.6;14:30;-0.4;08:40;5.1;45;23:00;24;16:10;0;0;0;0;0
2755X;2016-11-20;12.2;16:20;7.4;01:40;9.8;56;12:50;23;13:00;0;0;0;0;0
2755X;2016-11-21;11.1;04:10;1.4;23:20;6.3;76;04:00;29;04:00;;;;;
2755X;2016-11-22;8.4;15:20;0.2;08:50;4.3;20;21:10;12;21:50;;;;;0
2755X;2016-11-23;8.2;14:10;3.4;00:00;5.8;38;14:40;19;14:40;0;0;0;0;0
2755X;2016-11-24;6.2;12:30;3.4;05:50;4.8;37;15:40;16;14:00;0.4;0;0;0;0.4
2755X;2016-11-25;9.1;16:00;0.7;07:20;4.9;35;12:40;19;12:50;0;0;0;0;0
2755X;2016-11-26;8.6;14:10;3.9;03:20;6.3;33;23:10;18;23:10;7.8;1.4;1.2;0;5.2
2755X;2016-11-27;11.7;14:20;5.8;23:40;8.8;39;12:20;20;12:30;0.8;0.6;0.2;0;0
2755X;2016-11-28;13.6;15:30;1.1;08:20;7.4;20;00:20;12;04:00;0;0;0;0;0
2755X;2016-11-29;10.9;14:40;1.8;01:40;6.3;20;14:00;9;14:50;0;0;0;0;0
2755X;2016-11-30;15.0;15:40;3.6;06:00;9.3;35;13:30;14;15:40;0;0;0;0;0
2755X;2016-12-01;10.2;15:10;4.0;07:30;7.1;18;04:40;10;04:50;0;0;0;0;0
2755X;2016-12-02;;;;;;;;;;;0;0;0;
2755X;2016-12-03;;;;;;;;;;;;;;
2755X;2016-12-04;12.7;16:00;5.9;09:20;9.3;27;16:10;11;16:10;2.4;2.2;0;0;0.2
2755X;2016-12-05;14.3;14:00;5.7;23:20;10;18;12:50;10;14:10;0;0;0;0;0
2755X;2016-12-06;15.0;16:20;1.8;08:00;8.4;21;01:10;10;01:10;0;0;0;0;0
2755X;2016-12-07;6.1;15:10;2.7;05:50;4.4;11;06:40;5;20:50;0;0;0;0;0
2755X;2016-12-08;7.3;15:30;3.0;09:40;5.2;16;18:50;10;23:20;0;0;0;0;0
2755X;2016-12-09;5.6;15:40;2.8;03:30;4.2;15;22:20;8;21:50;0;0;0;0;0
2755X;2016-12-10;7.9;13:30;1.0;09:20;4.5;19;17:00;11;17:00;0;0;0;0;0
2755X;2016-12-11;7.1;15:40;0.5;09:10;3.8;13;11:00;7;11:00;0;0;0;0;0
2755X;2016-12-12;15.4;16:10;-0.1;08:30;7.6;14;12:30;8;12:30;0;0;0;0;0
2755X;2016-12-13;5.1;00:00;-0.5;08:40;2.3;18;23:20;8;23:30;0;0;0;0;0
2755X;2016-12-14;7.8;15:00;3.1;07:00;5.5;22;23:50;12;16:20;5.2;0;2;2.6;0.6
2755X;2016-12-15;9.0;14:10;4.2;20:50;6.6;28;01:00;14;00:40;0;0;0;0;0
2755X;2016-12-16;7.7;22:40;3.5;08:20;5.6;32;23:00;16;15:50;10;7.4;2.2;0.4;0
2755X;2016-12-17;12.4;15:10;3.9;02:30;8.1;40;12:30;22;13:00;0;0;0;0;0
2755X;2016-12-18;9.3;16:00;1.3;23:59;5.3;42;14:10;21;13:30;0;0;0;0;0
2755X;2016-12-19;9.5;15:40;-3.3;09:10;3.1;21;07:00;10;04:20;0;0;0;0;0
2755X;2016-12-20;10.6;16:30;-0.1;05:00;5.3;22;15:20;13;15:20;0;0;0;0;0
2755X;2016-12-21;9.5;14:30;0.9;06:50;5.2;13;16:10;7;16:10;0;0;0;0;0
2755X;2016-12-22;10.7;16:30;2.1;07:50;6.4;13;13:50;6;13:50;0;0;0;0;0
2755X;2016-12-23;5.5;16:20;3.1;06:40;4.3;13;19:30;7;05:20;0;0;0;0;0
2755X;2016-12-24;5.9;15:00;3.6;00:00;4.8;15;10:00;6;01:20;0;0;0;0;0
2755X;2016-12-25;4.8;00:10;1.9;23:50;3.4;15;00:30;6;14:10;0;0;0;0;0
2755X;2016-12-26;2.8;16:50;-0.3;07:10;1.2;15;13:10;6;06:10;0;0;0;0;0
2755X;2016-12-27;11.1;16:00;-2.6;08:40;4.3;16;01:50;9;19:00;0;0;0;0;0
2755X;2016-12-28;12.5;17:00;-3.1;06:50;4.7;17;22:40;10;15:40;0;0;0;0;0
2755X;2016-12-29;13.9;17:10;-3.1;09:00;5.4;13;15:20;7;04:00;0;0;0;0;0
2755X;2016-12-30;10.7;17:10;-4.2;08:20;3.3;19;02:10;9;02:10;0;0;0;0;0
2755X;2016-12-31;8.8;16:30;-6.9;09:00;1;10;14:40;5;13:10;0;0;0;0;0
2755X;2017-01-01;-1.4;16:40;-8.6;09:20;-5;14;14:40;6;15:40;0;0;0;0;0
2755X;2017-01-02;6.0;16:10;-3.4;00:50;1.3;21;11:50;12;11:50;0;0;0;0;0
2755X;2017-01-03;9.1;15:40;2.8;05:10;6;15;16:10;9;16:00;0;0;0;0;0
2755X;2017-01-04;13.9;16:30;1.3;04:20;7.6;19;12:00;8;12:10;0;0;0;0;0
2755X;2017-01-05;6.0;01:10;2.9;23:59;4.5;15;23:40;8;11:20;0;0;0;0;0
2755X;2017-01-06;12.5;16:40;-2.2;09:00;5.1;16;10:40;8;01:00;0;0;0;0;0
2755X;2017-01-07;11.8;17:00;-5.2;09:10;3.3;18;16:30;11;11:10;0;0;0;0;0
2755X;2017-01-08;14.1;16:10;-4.9;07:20;4.6;24;15:40;15;15:50;0;0;0;0;0
2755X;2017-01-09;10.9;16:20;-3.1;09:20;3.9;13;00:40;7;16:40;0;0;0;0;0
2755X;2017-01-10;13.4;15:20;3.0;05:00;8.2;40;13:00;19;13:10;0;0;0;0;0
2755X;2017-01-11;17.6;15:20;2.2;02:10;9.9;28;07:30;17;07:20;0;0;0;0;0
2755X;2017-01-12;13.2;15:20;-0.7;07:50;6.2;23;20:10;10;19:20;0;0;0;0;0
2755X;2017-01-13;8.8;14:00;-0.1;22:00;4.4;39;03:00;19;03:10;0;0;0;0;0
2755X;2017-01-14;9.0;14:50;-1.8;03:10;3.6;42;14:00;22;14:00;0;0;0;0;0
2755X;2017-01-15;10.6;15:50;-3.8;07:20;3.4;32;12:20;17;14:40;0;0;0;0;0
2755X;2017-01-16;13.3;15:30;-1.2;05:30;6.1;42;08:40;20;09:10;0;0;0;0;0
2755X;2017-01-17;11.3;12:10;-3.0;23:59;4.2;35;00:50;19;00:50;0;0;0;0;0
2755X;2017-01-18;5.6;16:30;-7.9;08:10;-1.2;33;18:00;15;22:50;0;0;0;0;0
2755X;2017-01-19;5.9;16:40;-7.3;07:30;-0.7;29;23:10;13;21:00;0;0;0;0;0
2755X;2017-01-20;8.7;14:40;-3.2;09:00;2.7;36;14:20;18;14:40;0;0;0;0;0
2755X;2017-01-21;10.4;15:30;-2.4;08:10;4;23;06:40;13;06:00;0;0;0;0;0
2755X;2017-01-22;10.9;15:30;-2.8;05:10;4;34;18:00;13;18:20;0;0;0;0;0
2755X;2017-01-23;10.8;17:20;-3.8;09:20;3.5;19;15:40;10;00:10;0;0;0;0;0
2755X;2017-01-24;10.4;15:40;-6.3;08:30;2;17;16:20;9;16:30;0;0;0;0;0
2755X;2017-01-25;11.0;16:50;-6.4;08:20;2.3;18;15:20;8;20:30;0;0;0;0;0
2755X;2017-01-26;4.6;23:50;-4.4;02:20;0.1;18;16:20;10;16:20;10;0;0;1.2;8.8
2755X;2017-01-27;7.3;16:40;2.6;23:59;5;36;18:30;15;22:20;5.2;2.4;1.8;1;0
2755X;2017-01-28;9.8;15:10;0.4;04:40;5.1;30;16:00;13;15:40;0;0;0;0;0
2755X;2017-01-29;10.1;15:20;3.8;03:30;7;26;13:30;12;19:40;1.6;0;0.8;0.8;0
2755X;2017-01-30;11.8;14:50;6.1;03:30;9;36;14:20;19;13:40;0;0;0;0;0
2755X;2017-01-31;13.2;16:00;3.6;08:10;8.4;21;17:10;11;17:20;0;0;0;0;0
2755X;2017-02-01;12.2;16:30;6.2;00:00;9.2;36;15:10;18;14:40;1.2;0.4;0.4;0;0.4
2755X;2017-02-02;9.4;10:30;4.4;21:10;6.9;71;10:50;29;10:50;2.2;1;1;0.2;0
2755X;2017-02-03;11.0;16:30;5.0;00:00;8;83;22:50;40;22:50;13.2;4.2;6.2;0;2.8
2755X;2017-02-04;11.4;17:50;6.8;07:30;9.1;77;01:10;37;00:20;16.8;8.4;4.8;0.8;2.8
2755X;2017-02-05;9.4;00:00;2.0;07:40;5.7;63;02:20;25;02:20;3.8;3.8;0;0;0
2755X;2017-02-06;13.9;16:20;4.4;00:10;9.1;46;17:20;21;17:20;0;0;0;0;0
2755X;2017-02-07;12.9;13:40;3.1;23:59;8;48;23:40;21;15:10;1;1;0;0;0
2755X;2017-02-08;10.5;17:00;0.7;08:30;5.6;35;00:10;16;01:00;0;0;0;0;0
2755X;2017-02-09;8.9;15:40;-1.1;08:10;3.9;15;07:20;7;10:20;0;0;0;0;0
2755X;2017-02-10;7.6;16:20;0.7;00:40;4.1;23;13:30;12;10:10;1;0.6;0.4;0;0
2755X;2017-02-11;9.6;15:20;2.3;00:30;6;41;14:10;22;13:40;0.4;0.4;0;0;0
2755X;2017-02-12;10.3;17:00;4.0;02:40;7.2;44;10:50;19;10:30;13.8;1.2;3.2;0.6;8.8
2755X;2017-02-13;10.8;16:00;3.5;23:50;7.2;46;04:10;20;13:40;13.4;6.6;6;0.4;0.4
2755X;2017-02-14;11.0;17:50;1.4;02:30;6.2;32;14:50;17;14:20;0.2;0;0.2;0;0
2755X;2017-02-16;14.2;17:40;2.9;06:00;8.5;19;13:50;10;06:30;0;0;0;0;0
2755X;2017-02-17;14.9;16:50;-0.4;08:40;7.2;26;15:40;8;04:10;0;0;0;0;0
2755X;2017-02-18;9.6;13:30;1.9;06:40;5.8;27;14:00;15;21:10;6.4;0;0;5.4;1
2755X;2017-02-19;14.3;16:20;3.5;04:30;8.9;34;22:10;19;07:50;0;0;0;0;0
2755X;2017-02-20;14.5;17:30;0.0;08:30;7.3;31;16:10;15;11:40;0;0;0;0;0
2755X;2017-02-21;16.5;16:10;1.0;08:20;8.8;30;12:10;17;12:40;0;0;0;0;0
2755X;2017-02-22;17.9;16:20;0.6;08:20;9.2;23;14:00;12;14:00;0;0;0;0;0
2755X;2017-02-23;19.2;16:30;3.7;08:50;11.5;22;22:00;13;22:00;0;0;0;0;0
2755X;2017-02-24;13.7;16:30;3.0;08:30;8.3;23;10:10;12;10:30;0;0;0;0;0
2755X;2017-02-25;16.2;17:40;-0.2;08:00;8;23;15:10;11;17:40;0;0;0;0;0
2755X;2017-02-26;16.3;17:10;0.8;07:10;8.5;26;18:10;14;17:30;0;0;0;0;0
2755X;2017-02-27;11.9;17:30;5.3;04:10;8.6;54;16:30;25;18:50;0;0;0;0;0
2755X;2017-02-28;12.1;16:10;6.4;03:20;9.3;56;13:10;27;14:00;0.4;0;0;0.4;0
2755X;2017-03-01;13.4;13:50;2.6;06:50;8;42;13:50;20;14:00;0;0;0;0;0
2755X;2017-03-02;13.7;16:20;1.8;06:50;7.7;30;16:30;15;17:10;0;0;0;0;0
2755X;2017-03-03;9.7;11:30;1.6;23:50;5.6;51;11:50;22;12:00;0.2;0;0;0.2;0
2755X;2017-03-04;10.6;14:20;0.4;08:10;5.5;38;18:20;18;23:30;0;0;0;0;0
2755X;2017-03-05;14.7;17:50;5.4;04:20;10;38;18:10;20;18:00;0;0;0;0;0
2755X;2017-03-06;19.8;16:00;9.3;07:20;14.5;40;00:10;23;04:10;0;0;0;0;0
2755X;2017-03-07;17.7;13:20;4.8;04:20;11.3;32;19:00;17;18:40;0;0;0;0;0
2755X;2017-03-08;21.6;16:50;2.1;06:50;11.9;20;18:00;11;18:00;0;0;0;0;0
2755X;2017-03-09;24.4;16:50;2.3;06:50;13.3;22;15:00;11;17:30;0;0;0;0;0
2755X;2017-03-10;24.6;16:10;3.2;07:20;13.9;23;15:40;11;16:30;0;0;0;0;0
2755X;2017-03-11;21.0;17:00;4.9;06:50;13;46;18:10;26;18:00;0;0;0;0;0
2755X;2017-03-12;13.6;15:30;3.0;23:59;8.3;60;18:20;32;18:10;0.8;0;0.6;0.2;0
2755X;2017-03-13;14.4;16:10;0.7;07:10;7.5;53;10:10;29;10:10;0;0;0;0;0
2755X;2017-03-14;18.4;15:40;3.3;00:40;10.8;54;10:20;30;11:10;0;0;0;0;0
2755X;2017-03-15;20.9;15:50;1.7;07:10;11.3;35;17:10;17;16:50;0;0;0;0;0
2755X;2017-03-16;20.0;16:30;3.4;07:40;11.7;30;13:10;16;11:40;0;0;0;0;0
2755X;2017-03-17;21.2;17:40;2.0;08:00;11.6;29;16:50;12;16:50;0;0;0;0;0
2755X;2017-03-18;22.8;16:10;3.6;07:50;13.2;18;03:50;12;03:50;0;0;0;0;0
2755X;2017-03-19;22.5;16:20;3.9;07:50;13.2;16;22:50;8;00:40;0;0;0;0;0
2755X;2017-03-20;23.9;17:20;4.1;07:30;14;23;20:40;13;22:00;0;0;0;0;0
2755X;2017-03-21;13.1;17:40;3.0;04:00;8.1;20;23:59;11;14:00;0.4;0;0;0.4;0
2755X;2017-03-22;9.3;15:10;0.1;23:59;4.7;62;15:10;29;15:10;0.4;0;0;0.4;0
2755X;2017-03-23;8.2;13:40;-1.7;06:50;3.2;43;16:50;20;16:30;0.2;0;0;0;0.2
2755X;2017-03-24;8.3;14:00;0.2;02:00;4.3;42;17:40;14;17:40;0;0;0;0;0
2755X;2017-03-25;9.9;16:10;1.2;05:10;5.5;24;23:59;11;17:20;0;0;0;0;0
2755X;2017-03-26;10.2;22:50;2.9;08:30;6.5;50;22:50;22;22:50;2.8;0;0;2;0.8
2755X;2017-03-27;12.6;18:40;5.8;08:20;9.2;34;18:40;15;13:00;2.4;2.2;0.2;0;0
2755X;2017-03-28;16.8;17:40;4.7;03:40;10.7;33;17:20;17;15:20;0;0;0;0;0
2755X;2017-03-29;20.4;19:10;2.3;08:10;11.3;27;16:30;12;16:40;0;0;0;0;0
2755X;2017-03-30;20.3;17:30;4.1;08:10;12.2;45;17:20;21;17:00;0;0;0;0;0
2755X;2017-03-31;16.0;16:50;7.6;23:50;11.8;48;14:40;23;14:40;0;0;0;0;0
2755X;2017-04-01;16.8;16:30;1.6;07:30;9.2;54;16:30;24;19:00;0;0;0;0;0
2755X;2017-04-02;17.2;17:00;1.4;08:20;9.3;28;02:30;15;02:00;0;0;0;0;0
2755X;2017-04-03;20.3;18:40;1.1;08:10;10.7;23;01:20;12;01:30;0;0;0;0;0
2755X;2017-04-04;20.5;18:00;2.8;08:20;11.6;25;14:50;12;21:50;0;0;0;0;0
2755X;2017-04-05;15.9;16:40;1.8;08:20;8.8;54;19:30;25;14:50;0;0;0;0;0
2755X;2017-04-06;20.9;17:50;2.8;08:30;11.8;40;13:40;20;16:00;0;0;0;0;0
2755X;2017-04-07;23.3;18:20;3.0;07:50;13.1;40;00:20;18;00:20;0;0;0;0;0
2755X;2017-04-08;25.3;18:20;4.2;08:00;14.7;25;17:30;11;17:30;0;0;0;0;0
2755X;2017-04-09;25.7;17:30;5.7;07:40;15.7;21;15:20;9;10:20;0;0;0;0;0
2755X;2017-04-10;26.0;18:40;6.6;08:10;16.3;23;16:10;10;17:30;0;0;0;0;0
2755X;2017-04-11;26.3;17:50;6.8;07:50;16.5;33;22:50;15;23:30;0;0;0;0;0
2755X;2017-04-12;27.6;17:40;6.2;07:30;16.9;34;18:10;14;19:20;0;0;0;0;0
2755X;2017-04-13;26.5;16:30;5.8;08:00;16.2;43;18:00;17;18:00;0;0;0;0;0
2755X;2017-04-14;24.0;16:20;8.8;07:30;16.4;30;17:10;16;18:20;0;0;0;0;0
2755X;2017-04-15;21.0;18:20;7.1;07:50;14;36;23:10;16;23:10;0;0;0;0;0
2755X;2017-04-16;23.9;17:30;5.7;08:00;14.8;30;00:20;14;00:20;0;0;0;0;0
2755X;2017-04-17;26.0;18:40;5.2;07:50;15.6;34;23:50;18;23:30;0;0;0;0;0
2755X;2017-04-18;23.7;17:50;9.4;07:00;16.6;35;12:50;19;12:50;0;0;0;0;0
2755X;2017-04-19;20.1;16:20;6.2;07:40;13.2;64;19:30;31;18:40;0;0;0;0;0
2755X;2017-04-20;21.9;17:40;6.0;07:40;13.9;53;00:10;25;18:30;0;0;0;0;0
2755X;2017-04-21;23.6;18:50;4.4;07:50;14;34;00:50;18;00:50;0;0;0;0;0
2755X;2017-04-22;24.0;18:00;4.5;07:30;14.3;25;11:20;9;18:50;0;0;0;0;0
2755X;2017-04-23;26.0;18:40;5.7;07:50;15.8;22;14:50;9;17:30;0;0;0;0;0
2755X;2017-04-24;26.5;17:40;9.0;07:20;17.8;31;15:40;15;15:40;0;0;0;0;0
2755X;2017-04-25;21.9;15:10;10.5;23:59;16.2;53;15:30;23;16:30;0.2;0.2;0;0;0
2755X;2017-04-26;10.5;00:00;4.1;23:59;7.3;50;21:00;22;21:00;0;0;0;0;0
2755X;2017-04-27;12.7;18:00;-1.8;07:40;5.4;42;16:00;23;23:59;0;0;0;0;0
2755X;2017-04-28;16.5;18:40;-0.8;07:40;7.8;51;17:30;23;00:10;0;0;0;0;0
2755X;2017-04-29;17.3;14:50;4.2;06:50;10.7;40;20:00;21;19:20;0;0;0;0;0
2755X;2017-04-30;12.0;17:10;4.5;23:59;8.3;63;15:50;26;17:20;2.6;0;2.4;0.2;0
2755X;2017-05-01;18.4;17:30;1.6;07:40;10;33;15:50;12;21:10;0;0;0;0;0
2755X;2017-05-02;22.6;17:20;6.3;07:40;14.5;23;17:30;11;23:59;0;0;0;0;0
2755X;2017-05-03;26.5;17:50;8.3;07:20;17.4;30;16:30;12;18:20;0;0;0;0;0
2755X;2017-05-04;24.9;17:50;10.8;08:00;17.8;27;19:20;14;21:40;0;0;0;0;0
2755X;2017-05-05;18.5;00:00;9.3;23:59;13.9;71;16:20;31;16:20;5.4;0;1.2;4;0.2
2755X;2017-05-06;18.1;15:50;6.3;07:10;12.2;40;15:20;18;17:40;0;0;0;0;0
2755X;2017-05-07;24.6;19:00;6.3;07:00;15.5;22;23:40;9;23:40;0;0;0;0;0
2755X;2017-05-08;24.6;19:00;6.3;07:00;15.5;22;23:40;9;23:40;0;0;0;0;0
2755X;2017-05-09;25.6;18:00;12.5;07:10;19.1;37;21:10;17;21:00;0;0;0;0;0
2755X;2017-05-10;24.6;19:00;6.3;07:00;15.5;22;23:40;9;23:40;0;0;0;0;0
2755X;2017-05-11;24.6;19:00;6.3;07:00;15.5;22;23:40;9;23:40;0;0;0;0;0
2755X;2017-05-12;24.6;19:00;6.3;07:00;15.5;22;23:40;9;23:40;0;0;0;0;0
2755X;2017-05-13;24.6;19:00;6.3;07:00;15.5;22;23:40;9;23:40;0;0;0;0;0
2755X;2017-05-14;21.2;18:40;6.9;06:20;14.1;36;13:00;18;13:20;0;0;0;0;0
2755X;2017-05-15;24.8;18:00;9.6;06:20;17.2;25;14:10;11;14:20;0;0;0;0;0
2755X;2017-05-16;29.2;19:00;15.1;06:40;22.2;26;22:30;13;22:30;0;0;0;0;0
2755X;2017-05-17;21.0;00:00;14.4;23:40;17.7;24;01:50;13;02:50;4.2;0;0.8;3.2;0.2
2755X;2017-05-18;18.9;17:20;9.6;23:59;14.3;39;12:20;21;11:00;0.4;0;0.4;0;0
2755X;2017-05-19;19.9;17:40;4.4;07:00;12.1;37;20:00;21;20:00;0;0;0;0;0
2755X;2017-05-20;24.8;19:00;5.7;06:30;15.2;26;02:00;14;02:00;0;0;0;0;0
2755X;2017-05-21;28.7;16:40;12.4;06:20;20.6;49;06:30;16;12:30;0;0;0;0;0
2755X;2017-05-22;29.4;18:40;12.0;07:00;20.7;41;19:50;21;19:50;0;0;0;0;0
2755X;2017-05-23;29.6;17:00;12.2;07:20;20.9;35;00:10;18;10:10;0;0;0;0;0
2755X;2017-05-24;32.8;18:00;14.0;07:00;23.4;26;00:20;13;00:30;0;0;0;0;0
2755X;2017-05-25;32.1;15:40;15.6;06:30;23.8;56;17:30;23;17:30;2;0;0;1.8;0.2
2755X;2017-05-26;23.7;18:10;13.6;05:50;18.7;46;19:30;21;19:40;6.6;0;6.2;0;0.4
2755X;2017-05-27;27.3;17:30;13.5;07:20;20.4;26;18:00;13;17:40;0;0;0;0;0
2755X;2017-05-28;23.5;17:50;18.8;04:30;21.1;35;18:30;18;18:50;0;0;0;0;0
2755X;2017-05-29;24.2;16:40;12.3;06:10;18.3;35;18:10;18;18:20;1.6;0;1.6;0;0
2755X;2017-05-30;26.4;18:40;12.4;06:00;19.4;37;21:50;19;21:00;0;0;0;0;0
2755X;2017-05-31;29.0;18:20;13.2;07:00;21.1;27;18:20;12;01:10;0;0;0;0;0
2755X;2017-06-01;30.8;18:10;14.5;07:20;22.6;30;15:50;13;22:40;0;0;0;0;0
2755X;2017-06-02;30.9;16:30;16.3;06:10;23.6;42;20:30;19;20:10;0;0;0;0;0
2755X;2017-06-03;24.5;18:10;14.0;23:59;19.3;46;20:10;22;20:10;2.6;0;0;0;2.6
2755X;2017-06-04;19.6;14:50;12.2;06:00;15.9;33;21:00;18;20:20;1.8;0;0;1.8;0
2755X;2017-06-05;24.6;17:10;7.5;07:20;16.1;56;19:20;22;19:00;0;0;0;0;0
2755X;2017-06-06;26.8;18:10;12.7;07:10;19.7;33;23:00;15;23:00;0;0;0;0;0
2755X;2017-06-07;29.2;18:50;9.0;07:10;19.1;21;03:10;10;03:10;0;0;0;0;0
2755X;2017-06-08;31.1;16:00;13.1;07:00;22.1;38;15:40;17;16:00;0;0;0;0;0
2755X;2017-06-09;29.2;16:30;12.0;07:10;20.6;34;14:30;15;18:00;0;0;0;0;0
2755X;2017-06-10;33.4;18:10;14.3;07:10;23.9;28;14:10;13;14:10;0;0;0;0;0
2755X;2017-06-11;35.2;17:10;17.5;06:50;26.4;33;17:30;15;17:50;0;0;0;0;0
2755X;2017-06-12;35.8;19:40;15.6;06:50;25.7;28;12:00;15;00:50;0;0;0;0;0
2755X;2017-06-13;31.5;19:10;21.4;06:00;26.4;37;14:10;21;14:00;0;0;0;0;0
2755X;2017-06-14;35.5;18:50;18.1;06:50;26.8;34;17:40;14;23:50;0;0;0;0;0
2755X;2017-06-15;36.4;19:10;18.6;07:10;27.5;54;22:20;26;22:20;0;0;0;0;0
2755X;2017-06-16;37.0;17:10;18.6;06:50;27.8;45;00:10;18;00:10;0;0;0;0;0
2755X;2017-06-17;37.7;16:40;17.5;06:50;27.6;29;23:20;14;23:20;0;0;0;0;0
2755X;2017-06-18;38.2;17:30;17.4;07:00;27.8;27;17:10;10;01:10;0;0;0;0;0
2755X;2017-06-19;31.8;14:50;20.0;07:30;25.9;50;15:40;22;15:40;0;0;0;0;0
2755X;2017-06-20;34.5;16:20;17.2;06:10;25.9;42;18:20;16;19:00;0.4;0;0;0;0.4
2755X;2017-06-21;36.3;18:50;16.2;06:50;26.3;24;18:50;10;04:30;0;0;0;0;0
2755X;2017-06-22;34.9;17:10;20.2;07:10;27.6;40;18:10;20;14:40;0;0;0;0;0
2755X;2017-06-23;32.6;17:00;16.2;07:10;24.4;38;14:20;16;16:10;0;0;0;0;0
2755X;2017-06-24;31.0;17:40;14.9;06:40;22.9;30;20:10;15;20:00;0;0;0;0;0
2755X;2017-06-25;26.2;17:10;14.7;07:00;20.5;26;19:40;15;19:50;0.2;0;0;0;0.2
2755X;2017-06-26;28.6;18:40;16.4;04:10;22.5;37;01:10;15;01:20;10.4;10.4;0;0;0
2755X;2017-06-27;24.1;18:40;14.9;07:10;19.5;52;19:20;22;19:20;0;0;0;0;0
2755X;2017-06-28;22.7;16:30;13.3;23:50;18;66;15:40;27;12:30;0.8;0;0.8;0;0
2755X;2017-06-29;19.1;16:10;10.8;07:20;15;47;18:10;21;18:10;0;0;0;0;0
2755X;2017-06-30;21.3;15:40;9.4;02:30;15.3;50;16:50;26;16:50;0;0;0;0;0
2755X;2017-07-01;23.2;18:40;8.9;07:00;16.1;37;08:50;18;11:30;0;0;0;0;0
2755X;2017-07-02;29.6;19:00;8.8;06:50;19.2;27;16:30;12;01:30;0;0;0;0;0
2755X;2017-07-03;32.1;19:20;14.4;07:10;23.2;31;15:50;10;10:20;0;0;0;0;0
2755X;2017-07-04;34.9;19:00;14.4;07:10;24.7;27;16:30;12;16:30;0;0;0;0;0
2755X;2017-07-05;32.8;17:20;17.2;05:20;25;43;17:30;19;17:30;0;0;0;0;0
2755X;2017-07-06;23.5;00:20;15.5;18:30;19.5;51;18:30;25;18:30;15.4;0;0;14.4;1
2755X;2017-07-07;24.2;15:00;15.0;07:20;19.6;43;15:20;19;15:10;1.2;0.4;0.4;0.2;0.2
2755X;2017-07-08;28.9;16:20;14.7;07:40;21.8;36;17:00;16;17:10;0.4;0;0.2;0;0.2
2755X;2017-07-09;30.1;16:40;15.2;06:10;22.7;45;16:50;23;16:20;0;0;0;0;0
2755X;2017-07-10;27.8;18:00;13.9;05:50;20.8;35;00:40;17;00:10;0;0;0;0;0
2755X;2017-07-11;33.1;18:10;14.6;07:10;23.8;27;18:30;15;00:10;0;0;0;0;0
2755X;2017-07-12;35.4;19:00;16.4;07:20;25.9;30;23:30;15;23:30;0;0;0;0;0
2755X;2017-07-13;36.8;18:10;17.4;07:10;27.1;35;18:40;14;18:50;0;0;0;0;0
2755X;2017-07-14;33.3;19:10;14.6;07:20;23.9;44;22:30;20;23:00;0;0;0;0;0
2755X;2017-07-15;33.6;17:30;13.0;07:10;23.3;41;00:50;19;00:50;0;0;0;0;0
2755X;2017-07-16;36.4;18:10;13.0;07:10;24.7;31;00:40;14;00:40;0;0;0;0;0
2755X;2017-07-17;36.4;17:00;17.7;07:30;27.1;34;16:20;16;16:20;0;0;0;0;0
2755X;2017-07-18;33.9;17:30;15.3;06:50;24.6;53;19:10;25;18:50;0;0;0;0;0
2755X;2017-07-19;27.7;17:40;15.8;07:10;21.8;48;17:00;21;16:00;0;0;0;0;0
2755X;2017-07-20;28.5;18:20;13.6;06:10;21.1;43;22:10;22;22:10;0;0;0;0;0
2755X;2017-07-21;29.4;17:50;11.8;07:30;20.6;38;21:30;17;18:50;0;0;0;0;0
2755X;2017-07-22;29.6;17:20;12.6;07:20;21.1;40;23:40;19;23:40;0;0;0;0;0
2755X;2017-07-23;30.8;18:30;13.0;06:50;21.9;46;22:30;22;22:20;0;0;0;0;0
2755X;2017-07-24;28.7;17:50;14.3;06:40;21.5;37;19:10;22;20:10;0;0;0;0;0
2755X;2017-07-25;28.3;18:40;12.0;06:50;20.1;32;23:20;17;00:10;0;0;0;0;0
2755X;2017-07-26;33.0;18:50;13.6;07:10;23.3;36;21:00;17;21:10;0;0;0;0;0
2755X;2017-07-27;35.1;17:30;15.0;06:40;25;36;19:00;17;19:00;0;0;0;0;0
2755X;2017-07-28;34.2;18:10;15.1;07:20;24.7;28;23:00;14;23:40;0;0;0;0;0
2755X;2017-07-29;33.7;16:50;16.3;07:30;25;42;18:20;19;18:00;0;0;0;0;0
2755X;2017-07-30;30.7;17:30;14.8;07:30;22.8;39;17:20;17;18:10;0;0;0;0;0
2755X;2017-07-31;24.5;18:50;13.3;06:00;18.9;24;20:00;12;20:00;0;0;0;0;0
2755X;2017-08-01;30.2;18:40;14.0;07:40;22.1;28;15:10;15;19:50;0;0;0;0;0
2755X;2017-08-02;;;;;;;;;;;0;;;
2755X;2017-08-03;;;;;;;;;;;;;;
2755X;2017-08-04;;;;;;;;;;;;;;
2755X;2017-08-05;;;;;;;;;;;;;;
2755X;2017-08-06;28.6;18:50;13.8;06:50;21.2;45;08:50;22;12:20;0;0;0;0;0
2755X;2017-08-07;29.5;16:10;12.6;07:20;21.1;44;22:00;20;22:10;0;0;0;0;0
2755X;2017-08-08;25.0;17:40;11.3;07:20;18.2;32;23:10;18;23:00;0;0;0;0;0
2755X;2017-08-09;21.7;15:50;9.6;07:30;15.7;48;19:20;23;18:30;0;0;0;0;0
2755X;2017-08-10;24.5;18:10;6.7;07:40;15.6;32;23:30;18;23:30;0;0;0;0;0
2755X;2017-08-11;27.3;19:50;10.3;07:50;18.8;30;00:20;12;00:20;0;0;0;0;0
2755X;2017-08-12;29.9;19:00;10.7;07:20;20.3;30;01:40;10;10:00;0;0;0;0;0
2755X;2017-08-13;33.0;19:30;14.0;07:30;23.5;27;01:30;13;09:10;0;0;0;0;0
2755X;2017-08-14;34.3;16:30;13.7;07:30;24;35;19:00;16;17:30;0;0;0;0;0
2755X;2017-08-15;32.4;17:40;17.5;06:20;25;41;16:20;19;17:00;0;0;0;0;0
2755X;2017-08-16;31.4;18:30;14.7;07:10;23;30;23:40;15;23:59;0;0;0;0;0
2755X;2017-08-17;35.0;19:10;16.7;07:40;25.9;30;00:10;15;00:20;0;0;0;0;0
2755X;2017-08-18;31.4;17:10;16.6;07:30;24;39;23:10;19;23:10;0;0;0;0;0
2755X;2017-08-19;30.9;19:00;15.2;07:40;23;36;23:20;17;11:00;0;0;0;0;0
2755X;2017-08-20;31.8;17:50;13.1;07:20;22.4;31;00:10;16;17:20;0;0;0;0;0
2755X;2017-08-21;37.1;18:00;13.8;07:20;25.4;23;08:40;12;09:40;0;0;0;0;0
2755X;2017-08-22;35.8;18:20;18.4;07:50;27.1;41;18:50;17;23:20;0;0;0;0;0
2755X;2017-08-23;34.2;17:00;17.5;06:20;25.9;27;00:10;12;00:10;0;0;0;0;0
2755X;2017-08-24;31.2;16:50;15.4;07:50;23.3;35;16:00;18;17:40;0;0;0;0;0
2755X;2017-08-25;31.2;18:40;12.9;06:20;22.1;25;15:00;12;14:20;0;0;0;0;0
2755X;2017-08-26;30.4;16:40;13.0;07:50;21.7;51;17:40;18;17:40;0;0;0;0;0
2755X;2017-08-27;25.0;18:10;16.1;05:40;20.6;58;19:30;26;15:10;0;0;0;0;0
2755X;2017-08-28;27.0;14:00;15.0;07:50;21;65;16:00;16;16:00;0;0;0;0;0
2755X;2017-08-29;25.6;18:10;14.2;07:50;19.9;24;14:40;12;10:00;0;0;0;0;0
2755X;2017-08-30;25.1;14:50;15.0;06:10;20.1;38;14:30;18;15:30;0.2;0.2;0;0;0
2755X;2017-08-31;22.7;16:30;12.9;07:30;17.8;30;23:50;15;23:50;0;0;0;0;0
2755X;2017-09-01;;;;;;;;;;;0;;;
2755X;2017-09-02;;;;;;;;;;;;;;
2755X;2017-09-03;;;;;;;;;;;;;;
2755X;2017-09-04;28.0;16:40;15.1;07:30;21.6;24;00:10;12;08:50;0;0;0;0;0
2755X;2017-09-05;32.3;18:30;13.7;07:40;23;44;21:50;18;22:00;0;0;0;0;0
2755X;2017-09-06;28.2;17:40;13.8;07:50;21;28;23:20;15;11:10;0;0;0;0;0
2755X;2017-09-07;28.0;18:20;9.2;08:20;18.6;28;00:40;13;00:40;0;0;0;0;0
2755X;2017-09-08;30.4;17:50;9.6;08:10;20;34;21:10;17;21:10;0;0;0;0;0
2755X;2017-09-09;21.4;16:40;12.8;23:40;17.1;50;15:00;26;11:50;0;0;0;0;0
2755X;2017-09-10;25.6;17:20;8.5;07:50;17.1;35;20:10;17;20:00;0;0;0;0;0
2755X;2017-09-11;28.1;16:10;14.8;08:30;21.5;54;17:00;20;16:20;0;0;0;0;0
2755X;2017-09-12;25.8;17:30;14.2;07:40;20;38;19:50;19;03:10;0;0;0;0;0
2755X;2017-09-13;30.3;17:30;11.0;07:30;20.6;32;16:00;14;18:20;0;0;0;0;0
2755X;2017-09-14;23.9;16:10;13.1;07:40;18.5;40;19:50;22;19:50;0;0;0;0;0
2755X;2017-09-15;19.4;17:10;5.6;07:50;12.5;37;14:10;19;19:30;0;0;0;0;0
2755X;2017-09-16;19.8;16:50;5.3;08:10;12.5;55;13:20;17;21:20;0;0;0;0;0
2755X;2017-09-17;21.3;17:40;5.8;08:00;13.5;24;22:20;12;21:40;0;0;0;0;0
2755X;2017-09-18;22.5;16:30;10.1;08:30;16.3;36;16:30;18;16:30;0;0;0;0;0
2755X;2017-09-19;23.2;16:50;6.8;07:30;15;19;15:10;8;14:30;0;0;0;0;0
2755X;2017-09-20;26.9;18:30;6.9;08:00;16.9;23;17:40;10;18:00;0;0;0;0;0
2755X;2017-09-21;24.4;15:30;8.5;08:20;16.4;35;22:40;14;22:40;0;0;0;0;0
2755X;2017-09-22;25.1;18:10;10.2;08:40;17.7;29;11:50;14;10:30;0;0;0;0;0
2755X;2017-09-23;27.7;17:20;10.1;08:20;18.9;35;15:40;14;16:00;0;0;0;0;0
2755X;2017-09-24;28.5;16:30;8.7;07:40;18.6;36;16:30;18;16:30;0;0;0;0;0
2755X;2017-09-25;24.1;17:50;10.3;08:20;17.2;28;22:20;15;11:10;0;0;0;0;0
2755X;2017-09-26;24.8;17:40;8.4;08:10;16.6;23;11:00;10;10:20;0;0;0;0;0
2755X;2017-09-27;28.0;17:00;6.9;08:10;17.5;30;17:50;13;17:50;0.1;0;0.1;0;0
2755X;2017-09-28;28.5;17:30;7.7;08:20;18.1;29;15:50;14;15:30;0;0;0;0;0
2755X;2017-09-29;28.3;17:10;9.7;08:40;19;34;15:30;16;14:50;0;0;0;0;0
2755X;2017-09-30;25.7;17:00;13.2;06:20;19.5;42;21:30;19;21:20;0;0;0;0;0
2755X;2017-10-01;26.4;16:10;11.9;08:40;19.1;30;14:30;13;18:00;0;0;0;0;0
2755X;2017-10-02;29.0;17:10;13.6;07:00;21.3;20;17:40;8;14:30;0;0;0;0;0
2755X;2017-10-03;28.4;17:50;12.7;08:30;20.5;29;22:30;15;22:40;0;0;0;0;0
2755X;2017-10-04;29.4;17:30;12.3;07:40;20.8;25;01:50;12;01:50;0;0;0;0;0
2755X;2017-10-05;31.6;17:20;10.8;07:50;21.2;37;22:00;18;22:00;0;0;0;0;0
2755X;2017-10-06;26.6;17:50;8.9;08:10;17.8;30;20:20;12;23:20;0;0;0;0;0
2755X;2017-10-07;26.4;17:30;5.8;09:00;16.1;28;13:50;12;13:50;0;0;0;0;0
2755X;2017-10-08;27.5;17:10;5.4;07:30;16.5;24;23:30;12;23:30;0;0;0;0;0
2755X;2017-10-09;26.6;16:50;5.9;06:50;16.3;18;11:20;10;11:20;0;0;0;0;0
2755X;2017-10-10;27.1;17:00;6.1;07:20;16.6;20;09:00;8;18:20;0;0;0;0;0
2755X;2017-10-11;26.9;17:10;4.7;08:10;15.8;22;16:10;11;16:00;0;0;0;0;0
2755X;2017-10-12;27.8;17:20;4.7;08:30;16.2;16;17:10;8;16:50;0;0;0;0;0
2755X;2017-10-13;27.1;17:00;7.1;07:50;17.1;22;17:10;10;18:00;0;0;0;0;0
2755X;2017-10-14;28.2;17:50;6.9;08:00;17.6;20;17:10;11;21:00;0;0;0;0;0
2755X;2017-10-15;30.6;17:00;13.4;08:00;22;46;18:30;22;18:10;0;0;0;0;0
2755X;2017-10-16;25.6;14:00;10.7;08:30;18.2;52;19:50;24;19:40;0;0;0;0;0
2755X;2017-10-17;18.9;00:50;12.3;23:59;15.6;40;14:20;17;14:10;2.2;0.2;1.6;0.4;0
2755X;2017-10-18;17.0;16:10;9.1;23:59;13.1;48;16:30;22;16:30;2.8;0.4;1.4;1;0
2755X;2017-10-19;15.8;15:00;3.3;08:20;9.6;29;18:40;15;16:50;0;0;0;0;0
2755X;2017-10-20;22.5;16:10;8.7;08:50;15.6;39;18:10;18;17:40;0;0;0;0;0
2755X;2017-10-21;18.2;14:50;9.2;23:20;13.7;40;18:20;19;19:00;0;0;0;0;0
2755X;2017-10-22;16.3;16:40;3.2;08:50;9.7;32;01:10;15;00:20;0;0;0;0;0
2755X;2017-10-23;20.9;16:50;3.1;08:40;12;19;03:30;9;03:30;0;0;0;0;0
2755X;2017-10-24;25.2;17:40;4.1;09:00;14.7;19;03:50;9;10:50;0;0;0;0;0
2755X;2017-10-25;25.8;17:10;5.0;07:40;15.4;18;17:30;10;17:50;0;0;0;0;0
2755X;2017-10-26;25.0;17:40;4.6;09:20;14.8;18;15:00;9;14:50;0;0;0;0;0
2755X;2017-10-27;27.2;17:10;6.9;08:30;17.1;30;18:50;15;19:50;0;0;0;0;0
2755X;2017-10-28;21.8;16:50;4.8;09:10;13.3;27;17:50;13;16:00;0;0;0;0;0
2755X;2017-10-29;20.7;16:00;2.5;08:10;11.6;28;20:50;16;20:50;0;0;0;0;0
2755X;2017-10-30;19.0;16:10;3.3;07:40;11.1;36;22:30;14;20:40;0;0;0;0;0
2755X;2017-10-31;16.5;16:10;3.0;08:30;9.8;25;10:20;13;10:40;0;0;0;0;0
2755X;2017-11-01;18.4;15:00;1.7;08:00;10;17;10:10;8;00:10;0;0;0;0;0
2755X;2017-11-02;16.5;14:00;8.4;05:20;12.4;22;14:30;10;14:30;2.6;0;0;0.8;1.8
2755X;2017-11-03;16.6;14:50;9.5;23:20;13.1;31;14:50;15;14:50;17;16.8;0.2;0;0
2755X;2017-11-04;16.1;16:00;9.3;23:59;12.7;32;16:30;16;16:30;2.8;1.2;1;0.2;0.4
2755X;2017-11-05;13.6;14:20;4.8;22:30;9.2;37;13:10;20;09:40;0;0;0;0;0
2755X;2017-11-06;14.2;16:50;3.6;03:40;8.9;35;13:50;14;07:20;0;0;0;0;0
2755X;2017-11-07;17.5;16:10;0.1;07:50;8.8;40;18:10;17;17:50;0;0;0;0;0
2755X;2017-11-08;12.9;14:50;1.6;23:50;7.2;41;15:50;20;14:40;0;0;0;0;0
2755X;2017-11-09;13.5;16:00;-0.1;02:50;6.7;29;16:30;15;16:20;0.2;0;0.2;0;0
2755X;2017-11-10;17.9;14:50;0.8;07:50;9.3;45;13:50;20;15:00;0;0;0;0;0
2755X;2017-11-11;15.6;16:10;0.5;08:40;8.1;18;13:40;9;17:10;0;0;0;0;0
2755X;2017-11-12;17.0;16:20;-0.5;08:10;8.3;33;23:10;17;23:10;0;0;0;0;0
2755X;2017-11-13;13.8;15:00;1.7;23:59;7.8;37;11:10;22;11:10;0;0;0;0;0
2755X;2017-11-14;12.9;15:50;-1.5;06:50;5.7;25;16:00;14;15:30;0;0;0;0;0
2755X;2017-11-15;15.8;16:10;0.0;07:00;7.9;17;08:00;9;01:20;0;0;0;0;0
2755X;2017-11-16;17.9;16:40;-1.1;07:50;8.4;13;05:50;6;22:30;0;0;0;0;0
2755X;2017-11-17;17.8;15:40;2.3;08:20;10;18;21:00;8;12:10;0;0;0;0;0
2755X;2017-11-18;16.9;16:00;0.5;05:40;8.7;22;14:20;10;14:00;0;0;0;0;0
2755X;2017-11-19;16.8;15:40;-2.1;08:20;7.3;14;10:20;8;00:50;0;0;0;0;0
2755X;2017-11-20;15.7;15:00;-1.7;05:50;7;15;15:00;8;16:50;0;0;0;0;0
2755X;2017-11-21;15.4;16:20;-3.0;07:00;6.2;13;16:40;7;16:40;0;0;0;0;0
2755X;2017-11-22;15.1;15:30;-2.9;08:40;6.1;33;19:10;16;19:10;0;0;0;0;0
2755X;2017-11-23;16.1;16:50;8.3;02:50;12.2;41;16:50;21;17:00;0;0;0;0;0
2755X;2017-11-24;15.0;17:10;9.4;04:10;12.2;36;13:50;18;13:50;5.6;1.4;0;0;4.2
2755X;2017-11-25;12.3;14:10;2.6;23:59;7.5;36;19:10;19;19:10;3.2;3.2;0;0;0
2755X;2017-11-26;8.9;15:50;-1.9;08:30;3.5;21;14:10;10;10:20;0;0;0;0;0
2755X;2017-11-27;9.2;15:40;-3.3;06:50;2.9;15;18:30;8;17:00;0;0;0;0;0
2755X;2017-11-28;2.1;16:40;-4.2;05:20;-1;18;15:40;8;15:20;0;0;0;0;0
2755X;2017-11-29;9.4;14:50;-4.2;06:30;2.6;34;14:40;20;15:10;0;0;0;0;0
2755X;2017-11-30;9.4;15:50;-4.3;07:30;2.5;27;15:00;14;23:30;0;0;0;0;0
2755X;2017-12-01;8.5;11:40;-1.0;22:10;3.8;53;13:10;27;13:40;0;0;0;0;0
2755X;2017-12-02;8.2;14:20;-3.8;05:50;2.2;55;14:40;27;14:30;0;0;0;0;0
2755X;2017-12-03;7.9;15:20;-5.2;08:30;1.4;17;13:10;8;11:20;0;0;0;0;0
2755X;2017-12-04;8.5;16:00;-5.2;07:50;1.7;21;15:50;10;15:30;0;0;0;0;0
2755X;2017-12-05;8.3;16:10;-4.0;06:00;2.2;19;10:40;10;11:00;0;0;0;0;0
2755X;2017-12-06;-1.7;17:20;-4.7;07:00;-3.2;15;12:10;5;06:40;0;0;0;0;0
2755X;2017-12-07;3.7;20:10;-2.0;00:20;0.9;15;11:00;6;11:00;3;0;0;0;3
2755X;2017-12-08;11.8;16:20;0.9;04:20;6.4;18;13:20;9;13:20;0;0;0;0;0
2755X;2017-12-09;11.9;16:50;5.2;06:00;8.5;31;20:20;14;19:10;0;0;0;0;0
2755X;2017-12-10;12.1;15:40;8.8;03:00;10.5;89;23:50;39;23:50;7;0;0;0.2;6.8
2755X;2017-12-11;8.8;00:00;1.3;23:59;5.1;47;00:10;23;18:50;6.2;6.2;0;0;0
2755X;2017-12-12;9.7;15:30;0.3;06:30;5;21;06:10;12;06:30;0;0;0;0;0
2755X;2017-12-13;10.7;15:10;1.0;05:20;5.8;39;15:50;19;17:50;0;0;0;0;0
2755X;2017-12-14;14.1;12:50;7.6;23:59;10.9;44;13:40;22;16:10;1.2;0;0;0.2;1
2755X;2017-12-15;8.9;13:00;2.4;23:50;5.6;34;12:50;18;11:40;0;0;0;0;0
2755X;2017-12-16;9.3;16:00;-1.2;04:50;4.1;36;14:20;19;14:00;0;0;0;0;0
2755X;2017-12-17;8.2;16:10;-3.2;05:00;2.5;16;14:20;9;14:40;0;0;0;0;0
2755X;2017-12-18;10.3;16:40;-4.0;08:40;3.2;15;20:40;8;14:40;0;0;0;0;0
2755X;2017-12-19;11.5;15:50;1.0;23:40;6.3;28;03:50;14;03:40;0;0;0;0;0
2755X;2017-12-20;13.3;16:10;-1.5;08:00;5.9;26;22:50;14;23:00;0;0;0;0;0
2755X;2017-12-21;12.3;16:10;-1.1;08:50;5.6;20;14:20;12;02:00;0;0;0;0;0
2755X;2017-12-22;12.4;16:20;-1.9;08:50;5.2;15;16:00;8;03:30;0;0;0;0;0
2755X;2017-12-23;9.6;15:00;-2.3;07:50;3.7;31;15:10;19;15:10;0;0;0;0;0
2755X;2017-12-24;9.5;15:50;-2.7;09:00;3.4;12;07:00;7;18:00;0;0;0;0;0
2755X;2017-12-25;7.6;17:00;-2.5;08:30;2.5;35;21:10;16;19:20;0.4;0;0;0;0.4
2755X;2017-12-26;8.2;23:40;1.0;07:30;4.6;50;23:10;24;22:30;4.8;0;0;0;4.8
2755X;2017-12-27;9.4;16:00;3.2;08:40;6.3;63;00:10;26;00:40;0.2;0.2;0;0;0
2755X;2017-12-28;15.2;15:40;4.8;05:40;10;46;15:00;22;14:30;0;0;0;0;0
2755X;2017-12-29;16.8;16:10;5.1;01:20;10.9;34;06:50;17;06:40;0;0;0;0;0
2755X;2017-12-30;14.0;13:50;8.3;08:20;11.2;47;15:50;23;14:40;0;0;0;0;0
2755X;2017-12-31;10.4;12:20;3.2;23:59;6.8;66;18:00;30;18:00;2;0;0;2;0
2755X;2018-01-01;12.4;16:10;2.2;04:30;7.3;48;14:50;21;14:50;0;0;0;0;0
2755X;2018-01-02;14.5;15:20;6.3;01:50;10.4;46;13:40;22;14:30;0;0;0;0;0
2755X;2018-01-03;16.6;13:20;10.9;05:20;13.8;45;15:00;21;12:40;0;0;0;0;0
2755X;2018-01-04;13.9;14:20;9.5;09:20;11.7;45;13:30;20;15:00;0;0;0;0;0
2755X;2018-01-05;9.7;00:00;4.1;23:40;6.9;47;04:40;21;04:40;4.8;0;4.2;0.6;0
2755X;2018-01-06;5.3;15:00;0.9;10:10;3.1;36;06:40;20;23:30;0;0;0;0;0
2755X;2018-01-07;8.6;14:00;1.6;22:40;5.1;40;16:20;21;13:30;3.6;0;0;3.6;0
2755X;2018-01-08;;;;;;;;;;;0;0;;
2755X;2018-01-09;4.4;22:40;-1.1;02:20;1.7;23;15:50;12;16:10;2.6;0;1.8;0.6;0.2
2755X;2018-01-10;8.5;16:10;2.5;07:40;5.5;49;15:50;22;13:40;1.4;0;0;1.4;0
2755X;2018-01-11;8.2;15:40;0.3;08:30;4.2;56;14:00;28;14:00;0;0;0;0;0
2755X;2018-01-12;5.2;14:50;-2.7;09:00;1.2;16;17:20;8;17:20;0;0;0;0;0
2755X;2018-01-13;4.8;16:20;-1.0;23:40;1.9;21;14:50;10;14:50;6.8;0;6.2;0.6;0
2755X;2018-01-14;5.2;16:10;-1.5;01:00;1.8;21;05:00;12;06:10;0;0;0;0;0
2755X;2018-01-15;6.4;22:00;-2.1;09:00;2.2;24;23:10;12;23:10;0;0;0;0;0
2755X;2018-01-16;14.6;14:40;2.6;08:50;8.6;30;15:10;15;13:10;0;0;0;0;0
2755X;2018-01-17;12.3;17:20;1.7;23:20;7;36;07:20;19;11:50;0;0;0;0;0
2755X;2018-01-18;13.1;16:50;-2.1;07:30;5.5;15;22:20;8;03:50;0;0;0;0;0
2755X;2018-01-19;14.3;15:50;-0.3;08:10;7;26;16:20;14;16:10;0;0;0;0;0
2755X;2018-01-20;14.1;14:10;-1.0;07:00;6.6;21;17:10;10;16:30;0;0;0;0;0
2755X;2018-01-21;15.8;17:00;2.8;23:59;9.3;18;13:20;10;14:30;0;0;0;0;0
2755X;2018-01-22;6.9;16:50;0.3;08:20;3.6;19;19:00;10;18:40;0;0;0;0;0
2755X;2018-01-23;6.6;00:00;4.7;23:40;5.6;14;21:40;5;03:00;0;0;0;0;0
2755X;2018-01-24;8.8;15:20;3.6;06:00;6.2;20;11:50;9;15:30;0;0;0;0;0
2755X;2018-01-25;8.2;15:00;2.3;23:59;5.2;37;19:00;18;19:00;9.8;2.6;4.4;2.8;0
2755X;2018-01-26;9.4;15:20;0.8;06:10;5.1;55;14:10;23;16:10;0;0;0;0;0
2755X;2018-01-27;10.5;14:30;0.5;03:20;5.5;34;17:00;18;17:00;0;0;0;0;0
2755X;2018-01-28;12.8;16:10;-1.6;08:00;5.6;36;16:00;18;16:00;0;0;0;0;0
2755X;2018-01-29;13.1;15:50;-0.1;08:00;6.5;19;02:30;12;02:00;0;0;0;0;0
2755X;2018-01-30;13.2;17:00;-1.3;07:30;5.9;19;11:40;12;11:10;0;0;0;0;0
2755X;2018-01-31;14.1;17:20;-2.2;08:40;6;22;15:40;11;16:20;0;0;0;0;0
2755X;2018-02-01;9.6;13:10;0.1;23:59;4.9;54;16:30;30;16:30;0;0;0;0;0
2755X;2018-02-02;7.6;15:40;-1.1;07:10;3.2;47;16:10;26;14:20;0;0;0;0;0
2755X;2018-02-03;9.4;13:10;1.1;05:20;5.2;31;14:20;14;01:10;0;0;0;0;0
2755X;2018-02-04;8.6;15:40;-0.7;08:40;4;38;13:10;21;13:10;0;0;0;0;0
2755X;2018-02-05;7.9;13:30;-1.2;01:30;3.4;55;15:40;31;15:40;0;0;0;0;0
2755X;2018-02-06;6.0;13:30;-3.4;09:00;1.3;44;00:40;22;00:50;0;0;0;0;0
2755X;2018-02-07;6.8;14:50;-4.6;04:30;1.1;42;16:50;22;16:50;0;0;0;0;0
2755X;2018-02-08;7.1;17:20;-6.3;04:20;0.4;20;14:40;10;14:00;0;0;0;0;0
2755X;2018-02-09;11.8;15:30;-2.3;03:00;4.8;37;17:00;19;16:10;0;0;0;0;0
2755X;2018-02-10;11.1;16:10;-2.1;08:40;4.5;33;16:30;17;11:00;0;0;0;0;0
2755X;2018-02-11;13.5;14:30;0.4;07:40;7;45;15:00;20;15:20;0;0;0;0;0
2755X;2018-02-12;8.6;15:10;-2.7;09:00;3;37;01:20;19;01:20;0;0;0;0;0
2755X;2018-02-13;7.7;23:50;-1.5;05:20;3.1;46;13:30;23;12:50;0.2;0;0;0.2;0
2755X;2018-02-14;9.8;14:00;7.1;03:40;8.5;39;14:50;18;14:30;0.2;0;0;0;0.2
2755X;2018-02-15;12.7;15:10;8.7;03:50;10.7;35;13:50;20;07:20;0;0;0;0;0
2755X;2018-02-16;13.5;16:00;8.6;23:40;11.1;27;16:10;15;15:30;0;0;0;0;0
2755X;2018-02-17;13.3;16:10;2.0;23:59;7.7;33;18:10;19;18:10;0;0;0;0;0
2755X;2018-02-18;13.0;16:50;-2.0;05:20;5.5;28;21:00;15;21:10;0;0;0;0;0
2755X;2018-02-19;14.3;15:50;4.7;04:00;9.5;30;16:40;16;17:40;0;0;0;0;0
2755X;2018-02-20;14.4;14:40;3.1;08:00;8.7;41;17:50;23;17:50;0;0;0;0;0
2755X;2018-02-21;12.2;16:30;0.1;08:20;6.1;38;18:50;17;15:30;0;0;0;0;0
2755X;2018-02-22;9.6;17:30;-4.3;08:30;2.7;29;17:50;14;17:50;0;0;0;0;0
2755X;2018-02-23;8.9;17:10;-6.7;07:50;1.1;18;11:10;8;11:30;0;0;0;0;0
2755X;2018-02-24;11.4;17:30;-6.9;08:10;2.2;22;23:30;9;14:50;0;0;0;0;0
2755X;2018-02-25;14.3;17:00;-4.3;08:40;5;21;08:10;8;01:40;0;0;0;0;0
2755X;2018-02-26;15.5;16:00;-2.8;04:50;6.4;49;21:20;25;21:20;0;0;0;0;0
2755X;2018-02-27;4.6;16:40;-4.9;08:10;-0.2;36;11:30;18;10:30;1.2;0;0;0;1.2
2755X;2018-02-28;0.9;15:40;-3.8;03:00;-1.4;35;06:20;15;06:20;23.2;0.8;6.2;15.6;0.6
