# Created by Octave 4.4.1, Tue Mar 12 00:23:15 2019 GMT <unknown@DESKTOP-2LRQV80>
# name: mean_probs
# type: matrix
# rows: 268
# columns: 1
 0.12941856426110721
 0.099531548567146383
 0.13609887705005203
 0.11030977898750445
 0.12606615398883161
 0.13224420271292853
 0.061832739663561107
 0.097101619497546005
 0.12220032944967132
 0.12900090442252882
 0.059511769622428302
 0.10183061377032909
 0.13376700121479479
 0.12971965931301557
 0.065876149087013974
 0.12468597922319298
 0.23433064698953662
 0.18356108090198392
 0.11945496631198002
 0.17977590049868414
 0.13431588224136684
 0.15337802876198778
 0.15635469472775113
 0.076229462159669331
 0.12534326447171829
 0.15617681262126692
 0.15851938595336973
 0.06670184104500354
 0.1273239415801844
 0.17531389342607326
 0.17657055425050233
 0.069821223210840569
 0.13709077250497398
 0.30426811944821203
 0.14806067896634861
 0.085384406614541414
 0.07410347087229556
 0.18117120331107378
 0.096368644690540448
 0.08261316736438104
 0.10832091885878423
 0.11436380510940028
 0.11986335769346845
 0.065007843133260565
 0.099915618638002496
 0.11399973318097534
 0.11517793685612039
 0.1605931583316062
 0.057308209813984753
 0.098027860251152732
 0.12870720814418304
 0.12448951847052747
 0.052345370718015302
 0.04095878521414506
 0.2077567682744772
 0.20934310888304197
 0.17343298382622246
 0.10495447034540539
 0.074812558198146778
 0.077758738258923682
 0.2778268600273866
 0.28322095990606166
 0.27596783533985214
 0.27552085116383673
 0.24641099874663083
 0.25863801009014631
 0.18400933911590039
 0.21995935416580398
 0.13442524342282541
 0.19576254774799251
 0.12246438419304211
 0.23674600850945962
 0.2343138146132798
 0.2350109280749495
 0.23269222329755435
 0.21920913463390232
 0.19222661096342511
 0.23877786860612643
 0.24376709237498168
 0.26675359012464711
 0.18065494251420064
 0.25302717844227812
 0.2527845957793996
 0.23913271149930698
 0.24676767863422286
 0.15293030338828922
 0.19190475171351123
 0.35539662467381128
 0.35454135306915113
 0.10238515527100753
 0.15382151137687561
 0.32853463262274002
 0.3543187316285436
 0.096038490614638275
 0.21710610377002362
 0.30455304357313773
 0.35444700592452993
 0.15829192318665344
 0.23082532779891746
 0.21851715910857056
 0.21087792214125742
 0.20764462205736905
 0.22429057100928046
 0.21162766640091707
 0.21099846723052867
 0.20075192612371326
 0.20205102983602763
 0.20372423550250032
 0.19709574507603053
 0.19985809020084647
 0.20555251615253073
 0.20320676569940649
 0.2052285587795733
 0.20686758624762933
 0.21159538301510072
 0.2006974308452652
 0.16543160928800571
 0.23087545463913303
 0.22419043266918154
 0.2262115957932509
 0.23763679365097179
 0.26080751979868816
 0.24115214904692711
 0.22453033310734169
 0.21620247851748314
 0.21571061170307751
 0.21472387001338386
 0.218056111501431
 0.22739002105683398
 0.22517453091683973
 0.2225988211738803
 0.21961990107676166
 0.11290849200387124
 0.19188241267585354
 0.17835782979970158
 0.1673922758467464
 0.16638754486038437
 0.21288062095266827
 0.19878238013328359
 0.17823332545379739
 0.16679090773502239
 0.16471343387429829
 0.17413862969896168
 0.16846763041762847
 0.19265636511327344
 0.17107497412897582
 0.19664086001329512
 0.17300048677201021
 0.28652228717818479
 0.15322511547251733
 0.17848875993169713
 0.1728439443963124
 0.17490525739782775
 0.18490342516633523
 0.18328089365399128
 0.1891108817493054
 0.18138291571460266
 0.19006765735393391
 0.18371001650196492
 0.19060606651404979
 0.18793358082989431
 0.21124342915343736
 0.17905464580622554
 0.23467047483705533
 0.14369923645111216
 0.18683324286610753
 0.16852084725481878
 0.16733647053179795
 0.17390555216373549
 0.18770332682354476
 0.19313166051212366
 0.17197701263750903
 0.22074495514853926
 0.16816668572589874
 0.21297363390538382
 0.17307947803292717
 0.17647560369836734
 0.2092581552365671
 0.18056617452377799
 0.18439748451397603
 0.21418653808660393
 0.19110654840714544
 0.18108173533509947
 0.18581164644563589
 0.20833495619516174
 0.19314538369573511
 0.17792585950458756
 0.21904007362583428
 0.21384345611219432
 0.15504688793802271
 0.12717708720887716
 0.23401452954821864
 0.22520331358888496
 0.1192356138380142
 0.12665838191285375
 0.23957593719384054
 0.21314352578831622
 0.12675487161803128
 0.16105587976254393
 0.18807011054097561
 0.19113204419298696
 0.20403739847016392
 0.18577434292187994
 0.19681908708965012
 0.20318986548529455
 0.20276486778006003
 0.20312841686333077
 0.20299464012315532
 0.20813935958280577
 0.20813935958280577
 0.1949483154034338
 0.1949483154034338
 0.32558032692917943
 0.32558032692917943
 0.34913774388660679
 0.34581370614414975
 0.31473888284691559
 0.32558032692917943
 0.32558032692911604
 0.34913774388660679
 0.34581370614414975
 0.31473888284691559
 0.33912351304458321
 0.33994274845432831
 0.33716209040619971
 0.34127859827969476
 0.33922319214583302
 0.33119187982514309
 0.32901523340370503
 0.33026603762804524
 0.32288034560001672
 0.32898132302395905
 0.33022929278021601
 0.33508628995668827
 0.33508628995665191
 0.33508628995668827
 0.33508628995668827
 0.38161912621687399
 0.38161912621687399
 0.3884045000555803
 0.3884045000555803
 0.38490587055332726
 0.379258084895158
 0.37395844060641154
 0.38641191951138204
 0.37964310828291686
 0.37093091982914606
 0.38485261425023093
 0.37933559003914502
 0.36160001839710187
 0.35984055685578259
 0.35982891089704427
 0.35835962417108325
 0.35835962417108325
 0.35547993508143427
 0.35547993508143427
 0.37031232086673704
 0.36529244556006812
 0.35883130145080389
 0.34076862883170589
 0.32164578399678767
 0.35745066056576158
 0.33897501816422476
 0.32189387593530283
 0.34661000217847066
 0.34683732704503906
 0.34661000217847066
 0.34683732704503667


