# Created by Octave 4.4.1, Tue Mar 12 10:42:35 2019 GMT <unknown@DESKTOP-2LRQV80>
# name: mean_probs
# type: matrix
# rows: 282
# columns: 1
 0.08518057191575211
 0.13781680045984909
 0.17400778489844668
 0.1929625035795979
 0.19572284477351115
 0.19283708931396312
 0.20638828618023025
 0.20897638616190478
 0.22628015251924416
 0.23649681118463839
 0.23969959669073826
 0.1080620694653536
 0.16621016239619218
 0.17718678017300987
 0.19816077888594114
 0.20914465421990541
 0.23914659239265137
 0.19211536988263231
 0.22572697732893662
 0.25424632667109326
 0.25921281102833105
 0.23265988349075678
 0.090758263929491156
 0.14663355955636009
 0.17784559628960686
 0.17157252835546713
 0.17978224718326141
 0.21021166096593197
 0.24644721399392006
 0.18877947634932282
 0.23021278235311357
 0.25421920170644713
 0.23713271645890871
 0.23367683498082817
 0.15423396446043569
 0.1553742738343509
 0.17164594425908977
 0.15109047251245342
 0.15521890586283768
 0.16075654035470516
 0.13868930368829605
 0.14155469336856571
 0.29216836601778223
 0.3023715279835818
 0.29641229474788744
 0.29393386106844649
 0.30356662658918221
 0.29517095593316678
 0.28998445238527604
 0.31291294530449065
 0.23085251399072498
 0.22046884055223814
 0.2227351561088729
 0.30475108620995128
 0.29472856939020625
 0.28935934732659435
 0.28656673927825216
 0.2818808652761865
 0.27270907519672649
 0.24792200925620927
 0.22424105323509352
 0.22177096837153815
 0.29189729916116491
 0.29505553219164893
 0.2660037590408566
 0.10709924637374217
 0.30246730068111183
 0.29460509147153147
 0.28637587030402817
 0.28159018378481615
 0.11020396187278728
 0.32626616735982944
 0.29343837813179435
 0.28605438241517589
 0.28384913111282928
 0.2852562129653452
 0.28354961477933011
 0.27526392737896116
 0.24224586011652702
 0.21221942433705573
 0.18553375034899133
 0.28143240021084065
 0.28440565708057108
 0.28746348189881549
 0.28910086766197962
 0.28178027016127061
 0.2582817824328657
 0.22018136133542932
 0.18487693461793944
 0.29868288246647923
 0.31597093842698692
 0.30504095014806076
 0.30534675640992043
 0.29567155516365556
 0.30678517271605005
 0.30322771102469154
 0.29943448939425826
 0.29519214013061007
 0.28591953539128573
 0.27549401724651879
 0.24265339419118326
 0.22046983159803971
 0.22553293063311947
 0.3134247034306456
 0.30332730591529156
 0.30030993929397193
 0.29920639877006699
 0.29325276903340625
 0.28123158772975387
 0.25466027482740772
 0.226348328853271
 0.22553541182309952
 0.29426476165627607
 0.2956189975101135
 0.29291616243629109
 0.29570736197547998
 0.29128915468463068
 0.28832586879425809
 0.28930228315816908
 0.27694106542821928
 0.28625024501392432
 0.29156765146555508
 0.29111016921771338
 0.28294676551445042
 0.27423938526160718
 0.30506038850046419
 0.29158047358995109
 0.28341944211302339
 0.28167526872278048
 0.27302772917369988
 0.24057904267741073
 0.21558651201640605
 0.25254000943387001
 0.26658610684432499
 0.24092166342395066
 0.24980758039609435
 0.23899243917996502
 0.23776176806758245
 0.26809811902388497
 0.27303333009274805
 0.27769321915433631
 0.29765369853068113
 0.28097449054707735
 0.27878049331047045
 0.2748906834451198
 0.28567328828836375
 0.17862279889534255
 0.2223466020024511
 0.13657541171647883
 0.16122440716362862
 0.2380273351542038
 0.26580695492622697
 0.28902506043790532
 0.24018220064057388
 0.24943739236462575
 0.27002198284174528
 0.2592521629844885
 0.26674310507388477
 0.2855034550860166
 0.28870559395429607
 0.28816092024027362
 0.28300266592298828
 0.28803382477755002
 0.28496640073167728
 0.29102735648177613
 0.28666182370983145
 0.28530889320420527
 0.28350521152180341
 0.18183293942409748
 0.21799070591959011
 0.2168365371431345
 0.24644113454556815
 0.16353684177832445
 0.21306413294439608
 0.23324797536826264
 0.17333257474958536
 0.17992854187092511
 0.19232117741744634
 0.18065422572182693
 0.17469680352134964
 0.22202730378681346
 0.16180134833791707
 0.30665882820959622
 0.39938326328065105
 0.45634528064103552
 0.45573946690475725
 0.46466249627542472
 0.46691286237482765
 0.46822598412835292
 0.46606020743424442
 0.46402113907275816
 0.16458257697858625
 0.18167250836738763
 0.20246678409512042
 0.16020150330577526
 0.16611508885551407
 0.19307533180718248
 0.16950031429798856
 0.16063039940319201
 0.20852010966823004
 0.22225170637772287
 0.24070424035967117
 0.23742634556014722
 0.25541812529664248
 0.25654864978688713
 0.27741435171542189
 0.30618579337153184
 0.26442562335982683
 0.29524696930925992
 0.31003280430017977
 0.19558634282036289
 0.18569792389727219
 0.18776849404499699
 0.18955649931238833
 0.19024500046783183
 0.18945147822497796
 0.19051728106891633
 0.19024500046783183
 0.17342301822640441
 0.170348822775927
 0.16856702195831696
 0.18027410880261022
 0.17342895354454435
 0.17035243364682628
 0.17139788252334781
 0.16741725941264851
 0.15973425524780011
 0.17844997234239127
 0.16504626022231919
 0.15944206404685357
 0.28788719813903108
 0.30087663753560162
 0.29192184711212377
 0.29192184711212377
 0.29192184711212377
 0.29192184711212377
 0.32243596632081661
 0.32243596632081661
 0.32243596632081661
 0.32243596632081661
 0.27895516013591048
 0.27895516013591048
 0.28926793034081566
 0.28926793034081566
 0.29761010058289045
 0.29761010058289045
 0.36508169709513383
 0.36508169709506516
 0.37091494858990254
 0.37091494858990254
 0.37091494858990254
 0.37091494858990254
 0.38434974167190977
 0.38434974167190977
 0.38434974167190977
 0.38434974167190977
 0.36307285469208556
 0.35639746540468031
 0.35494941077096281
 0.36307285469208556
 0.35639746540468031
 0.35494941077096281
 0.38424086981283662
 0.38245971027548514
 0.38581776914794413
 0.38723862173239898
 0.40319580384802672
 0.41243724940019372
 0.40802779533753097
 0.40379140877020631
 0.36296967702316646
 0.36216385535111939
 0.3662055213378127
 0.36662519515024883
 0.36797185010027084
 0.38397935282937118
 0.37010478009242859
 0.36797185010027084
 0.37276303900339863
 0.37276303900339947
 0.37276303900345498
 0.37276303900341473


