# Created by Octave 4.4.1, Tue Mar 12 00:23:03 2019 GMT <unknown@DESKTOP-2LRQV80>
# name: mean_probs
# type: matrix
# rows: 246
# columns: 1
 0.19455093453354361
 0.18898187007152836
 0.15984448554696745
 0.18051171610673084
 0.16373638858305445
 0.14809659880722087
 0.13434782684988897
 0.17108864894774495
 0.15160548421448269
 0.13754977034787455
 0.126505293268458
 0.15450765752765566
 0.13284697053184868
 0.13373083699853655
 0.1803993886668315
 0.14168895405380022
 0.16244119868665968
 0.19853267612256437
 0.24537676075142173
 0.16175513637207428
 0.19668739945247754
 0.22473160803394054
 0.25097200032500566
 0.2591211332120722
 0.24272134846242363
 0.24693884473221481
 0.25325226980502158
 0.25886164022256997
 0.11628184367766463
 0.1429424342947147
 0.14078699874600226
 0.16130026800686925
 0.19912898564805387
 0.27613564334925866
 0.26316081597866353
 0.24169878133954126
 0.24683753265016256
 0.2371974874757779
 0.22128868826977821
 0.2063245031783941
 0.21890732550627695
 0.18831228635140046
 0.18077536596032331
 0.19161728165404524
 0.16595696365990809
 0.17332232094988387
 0.18058093613338408
 0.1991880181898053
 0.19432483334632208
 0.21791202936401208
 0.27045731856304134
 0.28366194808296669
 0.22794227971578743
 0.25194525081699987
 0.25212411614941788
 0.25355853570318865
 0.22745619659404254
 0.28253363225129863
 0.2306270213576363
 0.25505822042204024
 0.25009605828509007
 0.22044268559683
 0.23821969711010418
 0.2164681514593049
 0.19684217896832401
 0.17487589915115204
 0.18516184009659503
 0.19463860041884609
 0.17425654098183233
 0.15996511246686143
 0.10070482650628065
 0.14679786470962294
 0.15707226416228348
 0.15903150578554293
 0.17277814898825281
 0.15952461107355029
 0.17120570433343213
 0.18393201981804991
 0.25389119223521356
 0.17064825334659287
 0.19075237212693513
 0.23462073538371434
 0.29223916368483849
 0.29441574745521604
 0.28781660349659088
 0.29653335698176597
 0.29110338661975793
 0.29115470452626629
 0.20343132801905101
 0.25711627835082795
 0.18936100014128701
 0.15457240936999272
 0.15331886256322153
 0.15672866608286368
 0.14712992919002993
 0.16427419340916027
 0.14530494791478224
 0.13191708450268186
 0.11255890208829941
 0.11901660709879547
 0.092690628391918994
 0.088196231722685092
 0.098984526948266358
 0.085565267667076103
 0.22278204450733591
 0.16817852816678841
 0.16694371892844395
 0.17349039099828015
 0.26765677516626657
 0.25013107268572055
 0.23700055044618012
 0.19140315095915234
 0.19278438816221333
 0.27789689234743425
 0.26774933389964123
 0.26197096654542718
 0.21874769466707872
 0.2659618216432526
 0.27221817911930857
 0.27269255787628283
 0.26828497902941967
 0.30347889703061909
 0.26532338099722635
 0.26403033774305906
 0.26129770836489574
 0.24660246516877971
 0.25509985837870319
 0.26098421826043594
 0.19487628593026854
 0.21208027652059086
 0.22541759410045675
 0.23607136487102193
 0.2565563563556808
 0.23457737188034589
 0.238037647993743
 0.22081829150068538
 0.20756242200314623
 0.19966162293448533
 0.23089359444600036
 0.24730873595796385
 0.26116792747669737
 0.23906054113359776
 0.22176298222252835
 0.20486857452622848
 0.20184079660688323
 0.17265490824369983
 0.21677511277865102
 0.24100953455304053
 0.21116531728452775
 0.20435971007030801
 0.17108250847794279
 0.20419016637820536
 0.24317664710237388
 0.23219221232945869
 0.20784463397037176
 0.18863309256177502
 0.19116845903290727
 0.18720908296365346
 0.14299610262413348
 0.15933814624946077
 0.23847079823140968
 0.19444918516046328
 0.19029264827914882
 0.19631633438454499
 0.17413895228005666
 0.15351390486676048
 0.2104905063721651
 0.30540807457757985
 0.29950207821404479
 0.27868784525586598
 0.24608873982969839
 0.22875626128133297
 0.22267699307471495
 0.20613553408399277
 0.12150381671124269
 0.13548837715460074
 0.25195912741804027
 0.25202865845717798
 0.24447806919687026
 0.22301378025781449
 0.20336516676450794
 0.17084423064018628
 0.24831361030394145
 0.30020380316238027
 0.27937490983986368
 0.24103978166707124
 0.18809152220900405
 0.17523968887026334
 0.20177803614874157
 0.14163010875490828
 0.1687326023113411
 0.27346228085226343
 0.22797248630319347
 0.1878204039929065
 0.18549355053038297
 0.20205348703032514
 0.33024269596805494
 0.33145268803314992
 0.37128977665244312
 0.38183604428417384
 0.31636752141017099
 0.29291596065562897
 0.2961324210972508
 0.29068939334975685
 0.27894014962240887
 0.24668093819549969
 0.25703307822575983
 0.22902450553617051
 0.21718896769826063
 0.2024199265850942
 0.16331088236952276
 0.20076820838046122
 0.19288040469088913
 0.16331088236952276
 0.32530072076588146
 0.3257649751555457
 0.31391198594321451
 0.30671881764432679
 0.30414830300568274
 0.32576497515557812
 0.31100567317159494
 0.30808710590307975
 0.29530299825589434
 0.28232905657347074
 0.3087574035734027
 0.31007425206178152
 0.29770855932910723
 0.30708234589072586
 0.36761219657081473
 0.36761219657081473
 0.33377922153560391
 0.36623157380668181
 0.36870463989519076
 0.35834086722531289
 0.36212273513084109
 0.36489554772371957
 0.28073583900173887
 0.34074110113236972
 0.34799197972438767
 0.35420343135730248
 0.32646119063966927
 0.3274842600485468
 0.32770436385697244
 0.32174447858390598
 0.31895028392084973
 0.29502152790400082


