# Created by Octave 4.4.1, Tue Mar 12 10:40:44 2019 GMT <unknown@DESKTOP-2LRQV80>
# name: mean_probs
# type: matrix
# rows: 257
# columns: 1
 0.26953762915798779
 0.25982622671967331
 0.24307803547704437
 0.22154268992248266
 0.24199281366340722
 0.26366794733271914
 0.25281507910779044
 0.26014662486710871
 0.2757766673045467
 0.21749057938372579
 0.23335505619603958
 0.22864146470820571
 0.24160734150844315
 0.2564450699748323
 0.25105515038356341
 0.25967596437887225
 0.27248053245456
 0.27337577255673723
 0.27008233647531787
 0.24837113546791847
 0.23154370141663425
 0.24784442358289258
 0.26709726107185461
 0.25988196346262316
 0.26361038189739128
 0.26871794784097552
 0.26642164731987261
 0.19233721663048314
 0.18176896002400089
 0.16753986985636377
 0.15273763449178981
 0.17318211107087728
 0.19292006805656609
 0.18198030203669094
 0.19239040960100506
 0.19904597330763429
 0.19117340587927423
 0.19562537670866748
 0.1862154758407418
 0.18739566481441275
 0.17993166078046868
 0.18068214458788096
 0.17556618591234785
 0.17405292734002714
 0.1694170247899843
 0.1665539066659702
 0.17221676281312365
 0.08578110969819791
 0.15287728192943367
 0.16140931288072646
 0.17060300834972481
 0.16833704715983497
 0.15564142453168919
 0.12818069599311704
 0.11329679832920521
 0.08428481603354053
 0.088751818783703015
 0.10572716685874262
 0.17342795953048523
 0.16638225437335691
 0.16834481808298191
 0.16565035653377999
 0.13272409070708152
 0.095241093005156541
 0.18592551134089116
 0.14297704197009761
 0.095092951673861309
 0.095805305854472306
 0.15843490741700433
 0.17480353290240175
 0.15765778054613172
 0.1239653935464371
 0.11207096527383231
 0.14841703398528314
 0.15985976287303885
 0.10401715488226027
 0.1026766107229885
 0.1025588810536113
 0.17691962971241607
 0.14207022824394089
 0.12093629501684497
 0.11595153816990966
 0.25809962664965075
 0.276219702138777
 0.26524676428650568
 0.28627003857039796
 0.2810025012423259
 0.27616400004669062
 0.29941176794279417
 0.30181577862578857
 0.30525442488489657
 0.31196586496407147
 0.31489654755843804
 0.31465774664753793
 0.31153639656418658
 0.31014675596652042
 0.31008969598479597
 0.30140275146383277
 0.24393934889690677
 0.30438541766865412
 0.31010227115095618
 0.29519637138887944
 0.20278379718337297
 0.26761982319992378
 0.30349451354377432
 0.27068477757980125
 0.22553257889854442
 0.27185012205516929
 0.2439054221024016
 0.23514944183214487
 0.27237155322394879
 0.05087567508307371
 0.047278468156032045
 0.29117248480878938
 0.27524829215622593
 0.29752513575210343
 0.31086785951742657
 0.30069221959700049
 0.31852990650092067
 0.35253650290543276
 0.29330816477074312
 0.32490798466633031
 0.33517009435972855
 0.31876004028600952
 0.32807274437483952
 0.31989050433633176
 0.31658515138851623
 0.31459685522242803
 0.24728416799754599
 0.3103188573630446
 0.31553702742945672
 0.29597370968020253
 0.20709392253817721
 0.1701337614944976
 0.29744480396599393
 0.31513946162866108
 0.28110016088799755
 0.23801842151518787
 0.22704447702160785
 0.29810414616991887
 0.26447886264320813
 0.24743126531653128
 0.23917782833977955
 0.22573431703817953
 0.15357977947093315
 0.32158983800507268
 0.21268561959605331
 0.19997898945587306
 0.2056475049440453
 0.20942303951066643
 0.20872010927086118
 0.20019946109928827
 0.16620508587427918
 0.13005994939818957
 0.15838321145061185
 0.1381546780814934
 0.12545183619516639
 0.10035699113977226
 0.14580577005896583
 0.13020321827890002
 0.1262441829418246
 0.171975161733711
 0.14857895621999817
 0.16362446755668214
 0.26129955406778438
 0.22887184965655324
 0.14789344787137457
 0.20793595798296924
 0.19683780857426764
 0.19555395950261162
 0.18639857754343764
 0.19450551241062977
 0.19276118693126176
 0.21055542322952917
 0.18249695613443701
 0.20649007346252826
 0.18785180650370054
 0.21285819419259883
 0.2182061850005704
 0.28285933908253036
 0.23625835948722512
 0.23417243509347418
 0.28110063278172226
 0.25665902469329932
 0.24698364183759852
 0.23426868552448873
 0.19654107523814601
 0.27193231718985206
 0.2387621797076819
 0.21375516900197322
 0.19954694030137626
 0.22945176362396169
 0.20303396748121855
 0.19475422880722718
 0.18779665125751405
 0.23089063646214103
 0.19454990168254555
 0.20396704333311094
 0.20333662952526579
 0.24728468673325668
 0.35508969493678599
 0.31160605145055154
 0.15283277597717596
 0.35076576977980939
 0.35216294172499379
 0.35305354009614531
 0.35076576977980939
 0.35216294172499379
 0.35305354009614531
 0.27130865819405486
 0.26742678415479149
 0.27562428832031549
 0.28474487415160499
 0.28219949530394517
 0.27044494658298718
 0.26723355849200042
 0.26685496092527705
 0.27172480111289621
 0.26861285323899969
 0.21938198013030732
 0.21071781797100941
 0.20583451434586547
 0.20354287302271676
 0.21265361907306746
 0.21147436900095312
 0.20817586405657731
 0.20505775402876841
 0.20354287302271676
 0.21265775613181009
 0.20802329843479933
 0.20163520505627455
 0.16666047849391902
 0.29591460778413142
 0.29591460778413142
 0.24422403210538221
 0.26961311516458109
 0.38772137326676076
 0.38898841373321186
 0.38734159378412908
 0.41204710251830379
 0.4260515749983963
 0.42674576344900661
 0.39438899265105276
 0.36759624076759584
 0.38320066192555341
 0.36157836949832084
 0.35074376873011037
 0.39075502248523786
 0.39075502248523786
 0.39075502248523786
 0.39075502248523786
 0.40047540666048748
 0.29882250179021597
 0.37576576350810437
 0.37660337736822391
 0.37498641334758043
 0.37660337736823851


