# Created by Octave 4.4.1, Tue Mar 12 10:40:44 2019 GMT <unknown@DESKTOP-2LRQV80>
# name: prec1
# type: scalar
NaN


