# Created by Octave 4.4.1, Tue Mar 12 00:23:04 2019 GMT <unknown@DESKTOP-2LRQV80>
# name: recall4
# type: scalar
0


