# Created by Octave 4.4.1, Tue Mar 12 00:22:52 2019 GMT <unknown@DESKTOP-2LRQV80>
# name: recall3
# type: scalar
0


