# Created by Octave 4.4.1, Tue Mar 12 00:22:52 2019 GMT <unknown@DESKTOP-2LRQV80>
# name: mean_probs
# type: matrix
# rows: 259
# columns: 1
 0.33060934761237681
 0.31907468921486204
 0.31636491311693621
 0.30415647923641842
 0.31707895497300076
 0.33281822896352486
 0.33198894821030811
 0.24466967304997628
 0.3213768499944214
 0.314277419424421
 0.29960189974976337
 0.26918607803894001
 0.27249293836409583
 0.28012802798461878
 0.27925217074991665
 0.28655920843452931
 0.2925672513647195
 0.26988334457198487
 0.26282272798528822
 0.30086832868978319
 0.28619713960621962
 0.2758766340835247
 0.28596376213166835
 0.33188962156098978
 0.27162685873416204
 0.27541693504975695
 0.26688805459862641
 0.2434618514346325
 0.25199340894290861
 0.2457827098168765
 0.28141226369100508
 0.25412127995011263
 0.21237254451061727
 0.29304075848564959
 0.25187887155667993
 0.18645870492886862
 0.24693373680484373
 0.21904735633400171
 0.21070953707983109
 0.23888842990338208
 0.27013391670221953
 0.21699086206681581
 0.24804827157082995
 0.238301379732484
 0.24733457310584422
 0.2315049210696935
 0.1972060564714872
 0.26683726423716542
 0.26695845454352046
 0.18015400844579008
 0.2562088701909811
 0.23467510798571026
 0.22449251625589189
 0.23658177352223325
 0.30347125434571148
 0.21996033473639276
 0.24555915213840454
 0.25167457792814985
 0.1970845447756816
 0.24245273905688469
 0.24635235913248626
 0.25735991633116334
 0.23524670760114783
 0.21137127061839522
 0.27654710749457923
 0.21515119309779274
 0.17141137614108795
 0.17685643242242138
 0.16412739398720641
 0.17166030686245387
 0.17517462947984958
 0.18812540902887939
 0.23129563238623616
 0.17218264548273071
 0.18718938132208673
 0.20279286368290314
 0.19365937167596409
 0.15720944529791386
 0.24769226270768296
 0.21688785436556804
 0.18160485394245746
 0.16606000566180781
 0.18823581447214324
 0.1673476898622582
 0.18110055906856848
 0.18870082958771434
 0.20027760637860065
 0.17128503432416681
 0.16191488703771306
 0.17947558388298906
 0.17335011638921044
 0.16528973184311177
 0.18478824805403521
 0.15796979884093779
 0.1977821337232083
 0.26606888225623149
 0.28843203204210704
 0.27005408424110777
 0.26592707816804134
 0.28201496538925003
 0.26898043267444771
 0.24291697805978588
 0.22770086259455122
 0.21313830512022491
 0.21377555749598603
 0.21552840380535548
 0.23174367322040598
 0.19922764350468011
 0.22866455072941666
 0.25309233151731303
 0.26571833361279473
 0.23371740492373766
 0.25141070837265717
 0.25990655670344393
 0.25921233255862186
 0.25350149490916074
 0.22878592024028058
 0.2658199720952471
 0.2670100505605929
 0.26198823839225421
 0.24418192504283881
 0.22071313787878322
 0.22447554564583028
 0.18400769676912923
 0.13220182319499735
 0.1998851211752922
 0.19236216242790097
 0.21560451127149549
 0.28729612042857439
 0.16708715482396391
 0.20144384769529416
 0.23848267293879069
 0.25860625324659614
 0.24035050276671441
 0.2550392504092952
 0.26634638779989273
 0.25749887979869451
 0.25888636325589637
 0.29419816319131248
 0.26758322431241416
 0.25247718048545348
 0.2408979773129282
 0.28047968332537565
 0.22987201030581331
 0.22182188640286413
 0.27147087869715048
 0.20679709530337501
 0.24251105079583352
 0.28258632367675102
 0.29341105768313946
 0.30244488798904123
 0.19722040679760441
 0.25920559788555275
 0.28966676901995947
 0.29751707994791576
 0.30169466778672682
 0.30980136535963915
 0.29174344063692759
 0.28678572512162004
 0.27130254549121224
 0.27425647212014115
 0.25981191918507751
 0.24797598244481164
 0.26855594606719957
 0.25672506194162781
 0.16424147047917345
 0.19314389677049362
 0.2304743406749184
 0.23373128226351048
 0.20395661664604212
 0.21222777569094142
 0.2380546045868841
 0.24195067750083191
 0.24056937597443104
 0.2500954775637122
 0.22724057866930339
 0.22215561167186895
 0.20419303508883341
 0.21017241676376686
 0.21502534777880689
 0.20917652493220604
 0.23781754211802611
 0.20127530495485391
 0.22714654263188452
 0.20367957265391815
 0.16208633944059808
 0.19231172373512265
 0.22262975487128728
 0.22539983021072474
 0.19781369351991637
 0.22189254900073396
 0.22272738024956826
 0.21747557530908063
 0.27340047235138776
 0.22182615838881251
 0.21793929840073395
 0.21408797205303279
 0.2025481819387332
 0.19634856289734093
 0.1932498675794021
 0.20563836787889489
 0.18836075789417245
 0.21478791893239296
 0.18542990184263158
 0.21198859034214732
 0.19275089075955307
 0.38699476306717762
 0.37534934644674867
 0.29112740480198224
 0.29148174713089753
 0.29303462841408873
 0.27923143916490734
 0.27156783386566558
 0.28171096020780018
 0.27059190606702749
 0.27156783386566558
 0.28560939017283216
 0.28641055372806423
 0.28641055372806423
 0.30112589637820297
 0.34033842508405737
 0.34033842508405737
 0.34033842508405737
 0.30274949786567251
 0.30274949786567251
 0.33092894985853338
 0.32984552154629793
 0.32687010980229264
 0.33018785793299804
 0.33004863527068917
 0.32777619882103526
 0.32844453127436335
 0.3212472320186201
 0.30364600295616373
 0.32346748008437959
 0.33016566439060713
 0.3278673569454098
 0.32640863812757298
 0.31756772755286528
 0.30351689889225758
 0.30150899553208094
 0.30247193800408345
 0.3028465583725452
 0.35990830515944322
 0.34658875743061401
 0.39421079373933565
 0.36701560872206801
 0.36127025728973183
 0.33806225086606434
 0.34622409215341732
 0.33735753990845835
 0.3324268214514326
 0.32624756326158211
 0.35005974038465082
 0.34622409215341732
 0.3322345520352451
 0.32157465153782294
 0.33131059990434536
 0.35236049928798002


