# Created by Octave 4.4.1, Tue Mar 12 10:42:36 2019 GMT <unknown@DESKTOP-2LRQV80>
# name: prec2
# type: scalar
NaN


