# Created by Octave 4.4.1, Tue Mar 12 00:42:01 2019 GMT <unknown@DESKTOP-2LRQV80>
# name: prec1
# type: scalar
0.94117647058823528


