# Created by Octave 4.4.1, Tue Mar 12 00:59:44 2019 GMT <unknown@DESKTOP-2LRQV80>
# name: prec2
# type: scalar
0.93506493506493504


