# Created by Octave 4.4.1, Tue Mar 12 00:59:44 2019 GMT <unknown@DESKTOP-2LRQV80>
# name: mean_probs
# type: matrix
# rows: 282
# columns: 1
 2.058959860350533e-18
 1.1502237803250353e-10
 0.0033900191236517531
 0.0004791903039037322
 0.0038192480599626029
 0.00025698388966986335
 0.014477980412727309
 0.011679467546529664
 0.021719892073612426
 0.18149299803115515
 0.0076887351143010247
 9.0947340283996014e-16
 5.705679000892581e-09
 1.7257234198352559e-05
 8.4505101477459721e-06
 2.0258116097727045e-05
 4.5259295267818288e-05
 2.7560522616763183e-05
 2.3000201057791343e-05
 0.00010230684736392578
 1.2396678487733625e-05
 1.1944084893693874e-05
 3.4868633711925147e-17
 4.6076321096556334e-11
 3.5608068103626178e-07
 1.0576437761329146e-05
 1.6876138921487409e-07
 7.9298708306801123e-05
 0.0022420995669813334
 0.00034001579524591522
 0.00035099604316298259
 0.0013754229643390234
 3.1128971888631664e-05
 8.5000546702960659e-05
 1.8228836704035801e-08
 0.00010162860065618122
 0.04078276329405206
 6.6591830331664956e-07
 0.00016510595734950704
 0.0013927100949097302
 1.16845363263995e-07
 2.1547002508519387e-06
 0.31881928753211153
 0.32193161384214475
 0.18610450008482876
 0.88582613758115425
 0.38485980490776911
 0.26682930200678867
 0.24602667408394874
 0.59144729201555324
 0.00023523468191910527
 1.4027107011092404e-05
 1.7951715833841507e-05
 0.38066808410295561
 0.27597319643458612
 0.20485297806131825
 0.11890765342687355
 0.047312150224023311
 0.0068583570764849024
 0.0001776753219249269
 1.2572379912808765e-05
 1.5862607507523218e-05
 0.032465236716912427
 0.070352547989358152
 0.014959452859950867
 0.16728257943299393
 0.19902404594264542
 0.080676469669369269
 0.044382433691118689
 0.053429669725534722
 0.17027404094198634
 0.91232529449317601
 0.071074267208913994
 0.041129285516476904
 0.019034038601269208
 0.011093593060532288
 0.016254286985044004
 0.00059926294036526443
 4.7466162437136678e-06
 5.4669369539692461e-07
 0.012407908313376037
 0.023707290090866993
 0.013125311013129312
 0.015953291847493108
 0.021263130309997474
 0.0029458437198261419
 6.0597678761970542e-05
 1.4512072071845265e-06
 0.015940247150640855
 0.088723816840848249
 0.5618351128710094
 0.31432177916596415
 0.33450676694788728
 0.25756973304891995
 0.39502130412310088
 0.3006146727400717
 0.20142755054795974
 0.10120507035249982
 0.024661602355939609
 0.0044679935647679025
 6.0395223829347113e-05
 1.3813035191589241e-05
 4.8678750321904614e-05
 0.54309897437883381
 0.28295008547399114
 0.20283878667758523
 0.12753944645941312
 0.059814759122352554
 0.012211945841359009
 0.00032409472241655673
 2.3528629568933616e-05
 4.9016750732711002e-05
 0.17265921221404792
 0.24140822455578523
 0.29906781584971898
 0.25977595942851406
 0.22202050008900334
 0.22353622330904882
 0.27965068460356751
 0.24600050429292047
 0.17962198623657133
 0.24486067946050166
 0.23313757312728459
 0.10915901580496443
 0.02131841271796894
 0.46840311798843343
 0.20500755080794369
 0.064270162693379013
 0.014983604982540139
 0.0063161925659367957
 0.00016098643125462007
 5.2571699949453883e-06
 0.00013354530498770832
 0.0012629530652377276
 3.438963917379462e-05
 8.7151827588244726e-05
 1.447689693620642e-05
 2.5040291729867989e-05
 0.00032602067846443757
 0.0012669446384113881
 0.00081321148086264928
 0.0081243437147371055
 0.00074863783266432607
 0.0006847312625772534
 0.00042593549662455827
 0.0014869213739781384
 2.4558472718177906e-05
 0.00032293019960946586
 1.4134459203394557e-06
 0.00023636566221745927
 0.00020433839176874652
 0.0034834990259739627
 0.044789912191013789
 0.00026353174967790668
 0.00068035023076607338
 0.012854559458747495
 0.0009263192513752509
 0.0033112085412913992
 0.0063552498525716091
 0.0051456471470819358
 0.0034226764073109219
 0.011798191091914925
 0.0041294793115508981
 0.004481287467072834
 0.030897103395960641
 0.0031706564500767601
 0.0033524099402624727
 0.0066714398252787372
 1.645619131923846e-05
 0.0018535991253636256
 7.673044103451962e-06
 0.00067099555792205455
 0.0010269159646986725
 0.012492031022488834
 0.025303226988520382
 0.00060137667539331792
 0.0010639616148596172
 0.0014600629480714298
 0.00012146194907103534
 0.00016565593124440886
 0.000820743724856025
 1.5161029758617499e-05
 0.023625248960269633
 0.038603033581061749
 0.10802671192225517
 0.097473924897752001
 0.086468248684797938
 0.071849733202750843
 0.088312875376867814
 0.072679703259770329
 0.064217499670799497
 9.4106020814589212e-05
 0.0008135282392375704
 0.0098005594864865424
 5.1875812140667258e-05
 9.1995029843577116e-05
 0.00085047596967884899
 2.3588347621741646e-05
 3.7233019496617212e-05
 4.9744829930126288e-05
 0.00067677126750107148
 0.33327504756319692
 0.00072624760475719556
 0.0022998806475922986
 0.00084210214534499001
 0.00066961411137759607
 0.00034061840506368387
 0.00034213532120763409
 0.00017012603185660523
 0.00014878621492828237
 0.91413036500627753
 0.82522412087699526
 0.80028564627243681
 0.79835158746778023
 0.79587718321455114
 0.79148461388525448
 0.79560303244000163
 0.79587718321455114
 0.71740020326966691
 0.70040797954216549
 0.63830828057111721
 0.54131217383019414
 0.71715188966508481
 0.70023686865093082
 0.64349008939456309
 0.7326287717649147
 0.75290574151804757
 0.68080566156307709
 0.74612395031744394
 0.7507725720402556
 0.58200915876253656
 0.6641982467319193
 0.77067708404116786
 0.77067708404116786
 0.77067708404116786
 0.77067708404116786
 0.99617076860577602
 0.99617076860577602
 0.99617076860577602
 0.99617076860577602
 0.54880339393665467
 0.54880339393665467
 0.84258572676379462
 0.84258572676379462
 0.93806398621586218
 0.93806398621586218
 0.98228711870900387
 0.98228711870836205
 0.98458533218252509
 0.98458533218252509
 0.98458533218252509
 0.98458533218252509
 0.99316798174499366
 0.99316798174499366
 0.99316798174499366
 0.99316798174499366
 0.99362020641979476
 0.96872304067653325
 0.95581558611312523
 0.99362020641979476
 0.96872304067653325
 0.95581558611312523
 0.99982194170173933
 0.99981283540484489
 0.99983254995492499
 0.99983772550212824
 0.99951420506293087
 0.99978585076468607
 0.9997762056963001
 0.99969700713609788
 0.99929404714848891
 0.99920424754797266
 0.99939447340250231
 0.99962206039217849
 0.99984206647331586
 0.99895599454537576
 0.99980380010840242
 0.99984206647331586
 0.99899224625951688
 0.99899224625936855
 0.99899224625936855
 0.99899224625936756


