# Created by Octave 4.4.1, Tue Mar 12 00:41:59 2019 GMT <unknown@DESKTOP-2LRQV80>
# name: mean_probs
# type: matrix
# rows: 257
# columns: 1
 0.0029482799113572473
 0.00037678682385291795
 0.00062038493224042784
 0.00038089063562615294
 0.0044792460130810147
 0.019150456897484836
 0.0069880292005894502
 0.01528212336735448
 0.047565996528607525
 0.00048754194387020414
 0.0014896686037798857
 0.0010352815938613601
 0.004486146177202055
 0.0093126201225371841
 0.0069689416556882027
 0.015791421208605903
 0.033572762888794426
 0.0011240455517257716
 0.00072502655265828538
 0.00029037526470841241
 0.00013152284678598404
 0.0010856998020999406
 0.0027230203938952715
 0.0013046846125576059
 0.0042693835714549726
 0.0039316798461043207
 0.0019717286176161235
 6.8207928303140337e-05
 1.4012159740643462e-05
 3.0682267015594825e-06
 2.3722432310917181e-07
 1.5765625675673688e-05
 0.00038357486114562651
 3.3039123522922142e-05
 0.0001336909947529099
 0.00035206473470855525
 5.1657560649745505e-05
 0.019854292572279827
 0.00074104129766289185
 1.6633919001217619e-05
 5.4224989828457779e-05
 0.0027691522840599175
 2.3304414650757678e-05
 0.00018267825902071558
 0.0020367419200946809
 0.004188252298654732
 0.031711488008916447
 2.043983169324626e-18
 0.0074746142695740134
 0.0036703796921843416
 0.011730505564386378
 0.020508650862701084
 0.014326821727292554
 0.066413708267319488
 0.0015224287635744078
 1.0603508075541692e-20
 1.0993747557964427e-16
 2.4819195145496356e-06
 0.11319263519250422
 0.041698957281157314
 0.0153498175178586
 0.0067156401369906082
 0.10281835080060882
 0.12027443151054287
 0.0053589963961865024
 5.4442449410642447e-05
 9.3673313543436638e-11
 4.1977556507485954e-11
 0.43301410936120399
 0.013800158717091397
 0.0058889807808809062
 0.1024422113828265
 0.13882089399329584
 1.4883720564193278e-06
 5.6432336362502255e-06
 8.1139844587310577e-14
 2.1422212759469465e-09
 4.6112103314234373e-08
 0.044610368965787114
 0.016924915738095424
 0.10476795713569528
 0.13670742149854004
 6.4504901173409094e-05
 0.00057915535641559065
 0.00032550995276033447
 0.002482226405730341
 0.0015186293638838166
 0.00068890546543457366
 0.031701830103601857
 0.024381012942231464
 0.032625492365772002
 0.11237784106129145
 0.11711483070745629
 0.08573522677514181
 0.080507366647303666
 0.054534279305884156
 0.056031239119320154
 0.031854160085481031
 2.7410727938192218e-05
 0.047345003581753253
 0.02142707355879675
 0.0035617112762399211
 2.0198432522938106e-06
 0.0013303170598635166
 0.0057800806943296718
 7.621943311232092e-05
 2.2021594132405044e-07
 0.00052035847708528009
 2.6329609115625339e-06
 6.7087013910584492e-07
 0.00029215679800459926
 0.0027470894035151769
 0.011331801275613871
 0.0015440281782551828
 0.1098711775989873
 0.0026292393245784577
 0.01447451434866703
 0.0028122933079659973
 0.020312851998564647
 0.6001003762543865
 0.0011139524163964157
 0.056384621108485987
 0.22746189575171555
 0.061825380962215862
 0.14174886603179429
 0.058793624605856146
 0.047487459563907285
 0.13083839645281206
 7.8849474130929318e-05
 0.023507849504598933
 0.042196356622162139
 0.0042356252792336256
 4.6591240412586493e-08
 2.5954541475684822e-09
 0.02019483731302173
 0.04498288733322079
 0.00042549827388092717
 1.4007174659587567e-06
 3.4294080047460211e-07
 0.33540213147359033
 0.00010931967982172886
 5.2148477772596296e-06
 2.5779175048463429e-06
 9.6072286358598269e-07
 1.3982323310170746e-06
 0.24390722167841689
 0.083652193212752884
 0.0084053146841879863
 0.0015627592264186008
 0.00059021891344586787
 0.12647395661324135
 0.00072113676879757621
 6.0889415029842327e-05
 1.1132813699905257e-06
 2.108219201224926e-05
 3.2023513206089418e-06
 5.2503483732779466e-07
 8.2800099831874484e-09
 2.5509074144623678e-06
 6.2588742502318163e-07
 4.2165500811082333e-07
 7.8726095208017017e-07
 2.4122646791803397e-06
 1.6323887210903454e-05
 0.010553888530199737
 0.0021232100177875739
 0.00047094485453787297
 0.1303352438332312
 0.068716565129527701
 0.0094771000687494736
 0.031352344215516671
 0.00040595939788540486
 1.9336753531963734e-05
 0.0011068046693907541
 3.0638534004050223e-06
 0.00014075223451857433
 2.6896286454211e-06
 0.0026879376721281778
 0.00022635278526987615
 0.65581424269304178
 0.41955524150658896
 0.22035562902894296
 0.017729693191765941
 0.00035121726901418324
 8.4007763094077928e-05
 2.6705621078623097e-05
 6.9812728894347223e-07
 0.32004651877126816
 4.1066850312968152e-05
 3.0704025274500183e-06
 6.9521628328476212e-07
 3.5698918854556635e-06
 8.736003238892389e-07
 3.1647238235903825e-07
 1.3801324759877553e-07
 1.9863354854508356e-05
 2.515636118665113e-07
 5.0208096040869699e-07
 3.5257762208722851e-07
 5.0656826892943316e-05
 0.93709174641640836
 0.12755202198930865
 7.5240630705197981e-08
 0.36319261211415743
 0.68067618755388071
 0.86230555313681889
 0.36319261211415743
 0.68067618755388071
 0.86230555313681889
 0.35836199062047036
 0.6672376326424343
 0.86643434763213933
 0.89098482375621157
 0.76534929013404884
 0.15943802090580694
 0.48153928959372083
 0.89968499515515032
 0.93311879552624855
 0.86121393921307354
 0.86355452912629183
 0.92696795272710886
 0.90920662921618978
 0.80024877767406921
 0.58537537867741818
 0.81086319364892012
 0.92267363386352153
 0.91659598810206566
 0.80024877767406921
 0.5870341341215819
 0.77165613455017634
 0.91001063108371594
 0.98577550840357409
 0.54778776656798522
 0.54778776656798522
 0.43642480626977698
 0.52688150540865075
 0.99927047339049824
 0.99914649112921194
 0.99918411282886022
 0.99911391268157446
 0.99758875299219429
 0.99699939720368391
 0.99870067527725526
 0.99326668122640827
 0.99844702005378383
 0.99384869778349894
 0.99082175266397887
 0.99975489980569632
 0.99975489980569632
 0.99975489980569632
 0.99975489980569632
 0.99865749058842224
 0.81991962917170302
 0.97354902305806523
 0.97522958868307852
 0.97229122172587046
 0.97522958868310639


