# Created by Octave 4.4.1, Tue Mar 12 00:59:45 2019 GMT <unknown@DESKTOP-2LRQV80>
# name: recall2
# type: scalar
1


